>> project2
Welcome to the Feature Selection Algorithm.

Type in the number of the algorithm you want to run.
	1) Forward Selection
	2) Backward Elimination 
This dataset has 40 features (not including the class attribute), with 1000 instances.

Running nearest neighbor with 0 features, using "leave-one-out" evaluation, I get an accuracy of 80.2%
Running nearest neighbor with all 40 features, using "leave-one-out" evaluation, I get an accuracy of 68.6%

Beginning backward search.

	using feature(s) {2,3,4,5,6,7,8,9,10,11,12,13,14,15,16,17,18,19,20,21,22,23,24,25,26,27,28,29,30,31,32,33,34,35,36,37,38,39,40} accuracy is 68.5%
	using feature(s) {1,3,4,5,6,7,8,9,10,11,12,13,14,15,16,17,18,19,20,21,22,23,24,25,26,27,28,29,30,31,32,33,34,35,36,37,38,39,40} accuracy is 67.1%
	using feature(s) {1,2,4,5,6,7,8,9,10,11,12,13,14,15,16,17,18,19,20,21,22,23,24,25,26,27,28,29,30,31,32,33,34,35,36,37,38,39,40} accuracy is 67.5%
	using feature(s) {1,2,3,5,6,7,8,9,10,11,12,13,14,15,16,17,18,19,20,21,22,23,24,25,26,27,28,29,30,31,32,33,34,35,36,37,38,39,40} accuracy is 67.8%
	using feature(s) {1,2,3,4,6,7,8,9,10,11,12,13,14,15,16,17,18,19,20,21,22,23,24,25,26,27,28,29,30,31,32,33,34,35,36,37,38,39,40} accuracy is 70.4%
	using feature(s) {1,2,3,4,5,7,8,9,10,11,12,13,14,15,16,17,18,19,20,21,22,23,24,25,26,27,28,29,30,31,32,33,34,35,36,37,38,39,40} accuracy is 68.4%
	using feature(s) {1,2,3,4,5,6,8,9,10,11,12,13,14,15,16,17,18,19,20,21,22,23,24,25,26,27,28,29,30,31,32,33,34,35,36,37,38,39,40} accuracy is 66%
	using feature(s) {1,2,3,4,5,6,7,9,10,11,12,13,14,15,16,17,18,19,20,21,22,23,24,25,26,27,28,29,30,31,32,33,34,35,36,37,38,39,40} accuracy is 68.8%
	using feature(s) {1,2,3,4,5,6,7,8,10,11,12,13,14,15,16,17,18,19,20,21,22,23,24,25,26,27,28,29,30,31,32,33,34,35,36,37,38,39,40} accuracy is 68.3%
	using feature(s) {1,2,3,4,5,6,7,8,9,11,12,13,14,15,16,17,18,19,20,21,22,23,24,25,26,27,28,29,30,31,32,33,34,35,36,37,38,39,40} accuracy is 68.3%
	using feature(s) {1,2,3,4,5,6,7,8,9,10,12,13,14,15,16,17,18,19,20,21,22,23,24,25,26,27,28,29,30,31,32,33,34,35,36,37,38,39,40} accuracy is 68.6%
	using feature(s) {1,2,3,4,5,6,7,8,9,10,11,13,14,15,16,17,18,19,20,21,22,23,24,25,26,27,28,29,30,31,32,33,34,35,36,37,38,39,40} accuracy is 68.6%
	using feature(s) {1,2,3,4,5,6,7,8,9,10,11,12,14,15,16,17,18,19,20,21,22,23,24,25,26,27,28,29,30,31,32,33,34,35,36,37,38,39,40} accuracy is 69.1%
	using feature(s) {1,2,3,4,5,6,7,8,9,10,11,12,13,15,16,17,18,19,20,21,22,23,24,25,26,27,28,29,30,31,32,33,34,35,36,37,38,39,40} accuracy is 68.1%
	using feature(s) {1,2,3,4,5,6,7,8,9,10,11,12,13,14,16,17,18,19,20,21,22,23,24,25,26,27,28,29,30,31,32,33,34,35,36,37,38,39,40} accuracy is 69.2%
	using feature(s) {1,2,3,4,5,6,7,8,9,10,11,12,13,14,15,17,18,19,20,21,22,23,24,25,26,27,28,29,30,31,32,33,34,35,36,37,38,39,40} accuracy is 66.2%
	using feature(s) {1,2,3,4,5,6,7,8,9,10,11,12,13,14,15,16,18,19,20,21,22,23,24,25,26,27,28,29,30,31,32,33,34,35,36,37,38,39,40} accuracy is 70.7%
	using feature(s) {1,2,3,4,5,6,7,8,9,10,11,12,13,14,15,16,17,19,20,21,22,23,24,25,26,27,28,29,30,31,32,33,34,35,36,37,38,39,40} accuracy is 67.4%
	using feature(s) {1,2,3,4,5,6,7,8,9,10,11,12,13,14,15,16,17,18,20,21,22,23,24,25,26,27,28,29,30,31,32,33,34,35,36,37,38,39,40} accuracy is 68.4%
	using feature(s) {1,2,3,4,5,6,7,8,9,10,11,12,13,14,15,16,17,18,19,21,22,23,24,25,26,27,28,29,30,31,32,33,34,35,36,37,38,39,40} accuracy is 69.5%
	using feature(s) {1,2,3,4,5,6,7,8,9,10,11,12,13,14,15,16,17,18,19,20,22,23,24,25,26,27,28,29,30,31,32,33,34,35,36,37,38,39,40} accuracy is 68.7%
	using feature(s) {1,2,3,4,5,6,7,8,9,10,11,12,13,14,15,16,17,18,19,20,21,23,24,25,26,27,28,29,30,31,32,33,34,35,36,37,38,39,40} accuracy is 68.3%
	using feature(s) {1,2,3,4,5,6,7,8,9,10,11,12,13,14,15,16,17,18,19,20,21,22,24,25,26,27,28,29,30,31,32,33,34,35,36,37,38,39,40} accuracy is 69.3%
	using feature(s) {1,2,3,4,5,6,7,8,9,10,11,12,13,14,15,16,17,18,19,20,21,22,23,25,26,27,28,29,30,31,32,33,34,35,36,37,38,39,40} accuracy is 69.8%
	using feature(s) {1,2,3,4,5,6,7,8,9,10,11,12,13,14,15,16,17,18,19,20,21,22,23,24,26,27,28,29,30,31,32,33,34,35,36,37,38,39,40} accuracy is 67.2%
	using feature(s) {1,2,3,4,5,6,7,8,9,10,11,12,13,14,15,16,17,18,19,20,21,22,23,24,25,27,28,29,30,31,32,33,34,35,36,37,38,39,40} accuracy is 66.6%
	using feature(s) {1,2,3,4,5,6,7,8,9,10,11,12,13,14,15,16,17,18,19,20,21,22,23,24,25,26,28,29,30,31,32,33,34,35,36,37,38,39,40} accuracy is 68.1%
	using feature(s) {1,2,3,4,5,6,7,8,9,10,11,12,13,14,15,16,17,18,19,20,21,22,23,24,25,26,27,29,30,31,32,33,34,35,36,37,38,39,40} accuracy is 68.5%
	using feature(s) {1,2,3,4,5,6,7,8,9,10,11,12,13,14,15,16,17,18,19,20,21,22,23,24,25,26,27,28,30,31,32,33,34,35,36,37,38,39,40} accuracy is 67.6%
	using feature(s) {1,2,3,4,5,6,7,8,9,10,11,12,13,14,15,16,17,18,19,20,21,22,23,24,25,26,27,28,29,31,32,33,34,35,36,37,38,39,40} accuracy is 68.1%
	using feature(s) {1,2,3,4,5,6,7,8,9,10,11,12,13,14,15,16,17,18,19,20,21,22,23,24,25,26,27,28,29,30,32,33,34,35,36,37,38,39,40} accuracy is 67.9%
	using feature(s) {1,2,3,4,5,6,7,8,9,10,11,12,13,14,15,16,17,18,19,20,21,22,23,24,25,26,27,28,29,30,31,33,34,35,36,37,38,39,40} accuracy is 67.8%
	using feature(s) {1,2,3,4,5,6,7,8,9,10,11,12,13,14,15,16,17,18,19,20,21,22,23,24,25,26,27,28,29,30,31,32,34,35,36,37,38,39,40} accuracy is 67.1%
	using feature(s) {1,2,3,4,5,6,7,8,9,10,11,12,13,14,15,16,17,18,19,20,21,22,23,24,25,26,27,28,29,30,31,32,33,35,36,37,38,39,40} accuracy is 67.5%
	using feature(s) {1,2,3,4,5,6,7,8,9,10,11,12,13,14,15,16,17,18,19,20,21,22,23,24,25,26,27,28,29,30,31,32,33,34,36,37,38,39,40} accuracy is 67.4%
	using feature(s) {1,2,3,4,5,6,7,8,9,10,11,12,13,14,15,16,17,18,19,20,21,22,23,24,25,26,27,28,29,30,31,32,33,34,35,37,38,39,40} accuracy is 68.2%
	using feature(s) {1,2,3,4,5,6,7,8,9,10,11,12,13,14,15,16,17,18,19,20,21,22,23,24,25,26,27,28,29,30,31,32,33,34,35,36,38,39,40} accuracy is 68.3%
	using feature(s) {1,2,3,4,5,6,7,8,9,10,11,12,13,14,15,16,17,18,19,20,21,22,23,24,25,26,27,28,29,30,31,32,33,34,35,36,37,39,40} accuracy is 69.6%
	using feature(s) {1,2,3,4,5,6,7,8,9,10,11,12,13,14,15,16,17,18,19,20,21,22,23,24,25,26,27,28,29,30,31,32,33,34,35,36,37,38,40} accuracy is 68%
	using feature(s) {1,2,3,4,5,6,7,8,9,10,11,12,13,14,15,16,17,18,19,20,21,22,23,24,25,26,27,28,29,30,31,32,33,34,35,36,37,38,39} accuracy is 67.9%

Feature set {1,2,3,4,5,6,7,8,9,10,11,12,13,14,15,16,18,19,20,21,22,23,24,25,26,27,28,29,30,31,32,33,34,35,36,37,38,39,40} was best, accuracy is 70.7%

	using feature(s) {2,3,4,5,6,7,8,9,10,11,12,13,14,15,16,18,19,20,21,22,23,24,25,26,27,28,29,30,31,32,33,34,35,36,37,38,39,40} accuracy is 69.2%
	using feature(s) {1,3,4,5,6,7,8,9,10,11,12,13,14,15,16,18,19,20,21,22,23,24,25,26,27,28,29,30,31,32,33,34,35,36,37,38,39,40} accuracy is 68.6%
	using feature(s) {1,2,4,5,6,7,8,9,10,11,12,13,14,15,16,18,19,20,21,22,23,24,25,26,27,28,29,30,31,32,33,34,35,36,37,38,39,40} accuracy is 69.5%
	using feature(s) {1,2,3,5,6,7,8,9,10,11,12,13,14,15,16,18,19,20,21,22,23,24,25,26,27,28,29,30,31,32,33,34,35,36,37,38,39,40} accuracy is 69%
	using feature(s) {1,2,3,4,6,7,8,9,10,11,12,13,14,15,16,18,19,20,21,22,23,24,25,26,27,28,29,30,31,32,33,34,35,36,37,38,39,40} accuracy is 70.8%
	using feature(s) {1,2,3,4,5,7,8,9,10,11,12,13,14,15,16,18,19,20,21,22,23,24,25,26,27,28,29,30,31,32,33,34,35,36,37,38,39,40} accuracy is 70.2%
	using feature(s) {1,2,3,4,5,6,8,9,10,11,12,13,14,15,16,18,19,20,21,22,23,24,25,26,27,28,29,30,31,32,33,34,35,36,37,38,39,40} accuracy is 68.2%
	using feature(s) {1,2,3,4,5,6,7,9,10,11,12,13,14,15,16,18,19,20,21,22,23,24,25,26,27,28,29,30,31,32,33,34,35,36,37,38,39,40} accuracy is 70.5%
	using feature(s) {1,2,3,4,5,6,7,8,10,11,12,13,14,15,16,18,19,20,21,22,23,24,25,26,27,28,29,30,31,32,33,34,35,36,37,38,39,40} accuracy is 70.9%
	using feature(s) {1,2,3,4,5,6,7,8,9,11,12,13,14,15,16,18,19,20,21,22,23,24,25,26,27,28,29,30,31,32,33,34,35,36,37,38,39,40} accuracy is 69.7%
	using feature(s) {1,2,3,4,5,6,7,8,9,10,12,13,14,15,16,18,19,20,21,22,23,24,25,26,27,28,29,30,31,32,33,34,35,36,37,38,39,40} accuracy is 69.3%
	using feature(s) {1,2,3,4,5,6,7,8,9,10,11,13,14,15,16,18,19,20,21,22,23,24,25,26,27,28,29,30,31,32,33,34,35,36,37,38,39,40} accuracy is 70.5%
	using feature(s) {1,2,3,4,5,6,7,8,9,10,11,12,14,15,16,18,19,20,21,22,23,24,25,26,27,28,29,30,31,32,33,34,35,36,37,38,39,40} accuracy is 70.1%
	using feature(s) {1,2,3,4,5,6,7,8,9,10,11,12,13,15,16,18,19,20,21,22,23,24,25,26,27,28,29,30,31,32,33,34,35,36,37,38,39,40} accuracy is 70.3%
	using feature(s) {1,2,3,4,5,6,7,8,9,10,11,12,13,14,16,18,19,20,21,22,23,24,25,26,27,28,29,30,31,32,33,34,35,36,37,38,39,40} accuracy is 71%
	using feature(s) {1,2,3,4,5,6,7,8,9,10,11,12,13,14,15,18,19,20,21,22,23,24,25,26,27,28,29,30,31,32,33,34,35,36,37,38,39,40} accuracy is 68.4%
	using feature(s) {1,2,3,4,5,6,7,8,9,10,11,12,13,14,15,16,19,20,21,22,23,24,25,26,27,28,29,30,31,32,33,34,35,36,37,38,39,40} accuracy is 69%
	using feature(s) {1,2,3,4,5,6,7,8,9,10,11,12,13,14,15,16,18,20,21,22,23,24,25,26,27,28,29,30,31,32,33,34,35,36,37,38,39,40} accuracy is 68.8%
	using feature(s) {1,2,3,4,5,6,7,8,9,10,11,12,13,14,15,16,18,19,21,22,23,24,25,26,27,28,29,30,31,32,33,34,35,36,37,38,39,40} accuracy is 71.1%
	using feature(s) {1,2,3,4,5,6,7,8,9,10,11,12,13,14,15,16,18,19,20,22,23,24,25,26,27,28,29,30,31,32,33,34,35,36,37,38,39,40} accuracy is 69.9%
	using feature(s) {1,2,3,4,5,6,7,8,9,10,11,12,13,14,15,16,18,19,20,21,23,24,25,26,27,28,29,30,31,32,33,34,35,36,37,38,39,40} accuracy is 70.3%
	using feature(s) {1,2,3,4,5,6,7,8,9,10,11,12,13,14,15,16,18,19,20,21,22,24,25,26,27,28,29,30,31,32,33,34,35,36,37,38,39,40} accuracy is 69.6%
	using feature(s) {1,2,3,4,5,6,7,8,9,10,11,12,13,14,15,16,18,19,20,21,22,23,25,26,27,28,29,30,31,32,33,34,35,36,37,38,39,40} accuracy is 70%
	using feature(s) {1,2,3,4,5,6,7,8,9,10,11,12,13,14,15,16,18,19,20,21,22,23,24,26,27,28,29,30,31,32,33,34,35,36,37,38,39,40} accuracy is 68.4%
	using feature(s) {1,2,3,4,5,6,7,8,9,10,11,12,13,14,15,16,18,19,20,21,22,23,24,25,27,28,29,30,31,32,33,34,35,36,37,38,39,40} accuracy is 66.5%
	using feature(s) {1,2,3,4,5,6,7,8,9,10,11,12,13,14,15,16,18,19,20,21,22,23,24,25,26,28,29,30,31,32,33,34,35,36,37,38,39,40} accuracy is 69.8%
	using feature(s) {1,2,3,4,5,6,7,8,9,10,11,12,13,14,15,16,18,19,20,21,22,23,24,25,26,27,29,30,31,32,33,34,35,36,37,38,39,40} accuracy is 70.3%
	using feature(s) {1,2,3,4,5,6,7,8,9,10,11,12,13,14,15,16,18,19,20,21,22,23,24,25,26,27,28,30,31,32,33,34,35,36,37,38,39,40} accuracy is 69%
	using feature(s) {1,2,3,4,5,6,7,8,9,10,11,12,13,14,15,16,18,19,20,21,22,23,24,25,26,27,28,29,31,32,33,34,35,36,37,38,39,40} accuracy is 69.8%
	using feature(s) {1,2,3,4,5,6,7,8,9,10,11,12,13,14,15,16,18,19,20,21,22,23,24,25,26,27,28,29,30,32,33,34,35,36,37,38,39,40} accuracy is 70.1%
	using feature(s) {1,2,3,4,5,6,7,8,9,10,11,12,13,14,15,16,18,19,20,21,22,23,24,25,26,27,28,29,30,31,33,34,35,36,37,38,39,40} accuracy is 70.2%
	using feature(s) {1,2,3,4,5,6,7,8,9,10,11,12,13,14,15,16,18,19,20,21,22,23,24,25,26,27,28,29,30,31,32,34,35,36,37,38,39,40} accuracy is 69.1%
	using feature(s) {1,2,3,4,5,6,7,8,9,10,11,12,13,14,15,16,18,19,20,21,22,23,24,25,26,27,28,29,30,31,32,33,35,36,37,38,39,40} accuracy is 69.1%
	using feature(s) {1,2,3,4,5,6,7,8,9,10,11,12,13,14,15,16,18,19,20,21,22,23,24,25,26,27,28,29,30,31,32,33,34,36,37,38,39,40} accuracy is 68.7%
	using feature(s) {1,2,3,4,5,6,7,8,9,10,11,12,13,14,15,16,18,19,20,21,22,23,24,25,26,27,28,29,30,31,32,33,34,35,37,38,39,40} accuracy is 70.3%
	using feature(s) {1,2,3,4,5,6,7,8,9,10,11,12,13,14,15,16,18,19,20,21,22,23,24,25,26,27,28,29,30,31,32,33,34,35,36,38,39,40} accuracy is 69%
	using feature(s) {1,2,3,4,5,6,7,8,9,10,11,12,13,14,15,16,18,19,20,21,22,23,24,25,26,27,28,29,30,31,32,33,34,35,36,37,39,40} accuracy is 70%
	using feature(s) {1,2,3,4,5,6,7,8,9,10,11,12,13,14,15,16,18,19,20,21,22,23,24,25,26,27,28,29,30,31,32,33,34,35,36,37,38,40} accuracy is 68.9%
	using feature(s) {1,2,3,4,5,6,7,8,9,10,11,12,13,14,15,16,18,19,20,21,22,23,24,25,26,27,28,29,30,31,32,33,34,35,36,37,38,39} accuracy is 69.8%

Feature set {1,2,3,4,5,6,7,8,9,10,11,12,13,14,15,16,18,19,21,22,23,24,25,26,27,28,29,30,31,32,33,34,35,36,37,38,39,40} was best, accuracy is 71.1%

	using feature(s) {2,3,4,5,6,7,8,9,10,11,12,13,14,15,16,18,19,21,22,23,24,25,26,27,28,29,30,31,32,33,34,35,36,37,38,39,40} accuracy is 69.9%
	using feature(s) {1,3,4,5,6,7,8,9,10,11,12,13,14,15,16,18,19,21,22,23,24,25,26,27,28,29,30,31,32,33,34,35,36,37,38,39,40} accuracy is 70.3%
	using feature(s) {1,2,4,5,6,7,8,9,10,11,12,13,14,15,16,18,19,21,22,23,24,25,26,27,28,29,30,31,32,33,34,35,36,37,38,39,40} accuracy is 70.3%
	using feature(s) {1,2,3,5,6,7,8,9,10,11,12,13,14,15,16,18,19,21,22,23,24,25,26,27,28,29,30,31,32,33,34,35,36,37,38,39,40} accuracy is 69.5%
	using feature(s) {1,2,3,4,6,7,8,9,10,11,12,13,14,15,16,18,19,21,22,23,24,25,26,27,28,29,30,31,32,33,34,35,36,37,38,39,40} accuracy is 71.4%
	using feature(s) {1,2,3,4,5,7,8,9,10,11,12,13,14,15,16,18,19,21,22,23,24,25,26,27,28,29,30,31,32,33,34,35,36,37,38,39,40} accuracy is 71.2%
	using feature(s) {1,2,3,4,5,6,8,9,10,11,12,13,14,15,16,18,19,21,22,23,24,25,26,27,28,29,30,31,32,33,34,35,36,37,38,39,40} accuracy is 69.9%
	using feature(s) {1,2,3,4,5,6,7,9,10,11,12,13,14,15,16,18,19,21,22,23,24,25,26,27,28,29,30,31,32,33,34,35,36,37,38,39,40} accuracy is 70.7%
	using feature(s) {1,2,3,4,5,6,7,8,10,11,12,13,14,15,16,18,19,21,22,23,24,25,26,27,28,29,30,31,32,33,34,35,36,37,38,39,40} accuracy is 71%
	using feature(s) {1,2,3,4,5,6,7,8,9,11,12,13,14,15,16,18,19,21,22,23,24,25,26,27,28,29,30,31,32,33,34,35,36,37,38,39,40} accuracy is 70.5%
	using feature(s) {1,2,3,4,5,6,7,8,9,10,12,13,14,15,16,18,19,21,22,23,24,25,26,27,28,29,30,31,32,33,34,35,36,37,38,39,40} accuracy is 71%
	using feature(s) {1,2,3,4,5,6,7,8,9,10,11,13,14,15,16,18,19,21,22,23,24,25,26,27,28,29,30,31,32,33,34,35,36,37,38,39,40} accuracy is 71.2%
	using feature(s) {1,2,3,4,5,6,7,8,9,10,11,12,14,15,16,18,19,21,22,23,24,25,26,27,28,29,30,31,32,33,34,35,36,37,38,39,40} accuracy is 71.4%
	using feature(s) {1,2,3,4,5,6,7,8,9,10,11,12,13,15,16,18,19,21,22,23,24,25,26,27,28,29,30,31,32,33,34,35,36,37,38,39,40} accuracy is 70.3%
	using feature(s) {1,2,3,4,5,6,7,8,9,10,11,12,13,14,16,18,19,21,22,23,24,25,26,27,28,29,30,31,32,33,34,35,36,37,38,39,40} accuracy is 72%
	using feature(s) {1,2,3,4,5,6,7,8,9,10,11,12,13,14,15,18,19,21,22,23,24,25,26,27,28,29,30,31,32,33,34,35,36,37,38,39,40} accuracy is 69.7%
	using feature(s) {1,2,3,4,5,6,7,8,9,10,11,12,13,14,15,16,19,21,22,23,24,25,26,27,28,29,30,31,32,33,34,35,36,37,38,39,40} accuracy is 69.7%
	using feature(s) {1,2,3,4,5,6,7,8,9,10,11,12,13,14,15,16,18,21,22,23,24,25,26,27,28,29,30,31,32,33,34,35,36,37,38,39,40} accuracy is 71.4%
	using feature(s) {1,2,3,4,5,6,7,8,9,10,11,12,13,14,15,16,18,19,22,23,24,25,26,27,28,29,30,31,32,33,34,35,36,37,38,39,40} accuracy is 70.2%
	using feature(s) {1,2,3,4,5,6,7,8,9,10,11,12,13,14,15,16,18,19,21,23,24,25,26,27,28,29,30,31,32,33,34,35,36,37,38,39,40} accuracy is 71.6%
	using feature(s) {1,2,3,4,5,6,7,8,9,10,11,12,13,14,15,16,18,19,21,22,24,25,26,27,28,29,30,31,32,33,34,35,36,37,38,39,40} accuracy is 71%
	using feature(s) {1,2,3,4,5,6,7,8,9,10,11,12,13,14,15,16,18,19,21,22,23,25,26,27,28,29,30,31,32,33,34,35,36,37,38,39,40} accuracy is 70.6%
	using feature(s) {1,2,3,4,5,6,7,8,9,10,11,12,13,14,15,16,18,19,21,22,23,24,26,27,28,29,30,31,32,33,34,35,36,37,38,39,40} accuracy is 69.3%
	using feature(s) {1,2,3,4,5,6,7,8,9,10,11,12,13,14,15,16,18,19,21,22,23,24,25,27,28,29,30,31,32,33,34,35,36,37,38,39,40} accuracy is 69.2%
	using feature(s) {1,2,3,4,5,6,7,8,9,10,11,12,13,14,15,16,18,19,21,22,23,24,25,26,28,29,30,31,32,33,34,35,36,37,38,39,40} accuracy is 70%
	using feature(s) {1,2,3,4,5,6,7,8,9,10,11,12,13,14,15,16,18,19,21,22,23,24,25,26,27,29,30,31,32,33,34,35,36,37,38,39,40} accuracy is 71.3%
	using feature(s) {1,2,3,4,5,6,7,8,9,10,11,12,13,14,15,16,18,19,21,22,23,24,25,26,27,28,30,31,32,33,34,35,36,37,38,39,40} accuracy is 69.2%
	using feature(s) {1,2,3,4,5,6,7,8,9,10,11,12,13,14,15,16,18,19,21,22,23,24,25,26,27,28,29,31,32,33,34,35,36,37,38,39,40} accuracy is 70.1%
	using feature(s) {1,2,3,4,5,6,7,8,9,10,11,12,13,14,15,16,18,19,21,22,23,24,25,26,27,28,29,30,32,33,34,35,36,37,38,39,40} accuracy is 70.6%
	using feature(s) {1,2,3,4,5,6,7,8,9,10,11,12,13,14,15,16,18,19,21,22,23,24,25,26,27,28,29,30,31,33,34,35,36,37,38,39,40} accuracy is 69.8%
	using feature(s) {1,2,3,4,5,6,7,8,9,10,11,12,13,14,15,16,18,19,21,22,23,24,25,26,27,28,29,30,31,32,34,35,36,37,38,39,40} accuracy is 70.1%
	using feature(s) {1,2,3,4,5,6,7,8,9,10,11,12,13,14,15,16,18,19,21,22,23,24,25,26,27,28,29,30,31,32,33,35,36,37,38,39,40} accuracy is 70.3%
	using feature(s) {1,2,3,4,5,6,7,8,9,10,11,12,13,14,15,16,18,19,21,22,23,24,25,26,27,28,29,30,31,32,33,34,36,37,38,39,40} accuracy is 69.8%
	using feature(s) {1,2,3,4,5,6,7,8,9,10,11,12,13,14,15,16,18,19,21,22,23,24,25,26,27,28,29,30,31,32,33,34,35,37,38,39,40} accuracy is 70.9%
	using feature(s) {1,2,3,4,5,6,7,8,9,10,11,12,13,14,15,16,18,19,21,22,23,24,25,26,27,28,29,30,31,32,33,34,35,36,38,39,40} accuracy is 69.7%
	using feature(s) {1,2,3,4,5,6,7,8,9,10,11,12,13,14,15,16,18,19,21,22,23,24,25,26,27,28,29,30,31,32,33,34,35,36,37,39,40} accuracy is 70.1%
	using feature(s) {1,2,3,4,5,6,7,8,9,10,11,12,13,14,15,16,18,19,21,22,23,24,25,26,27,28,29,30,31,32,33,34,35,36,37,38,40} accuracy is 70.3%
	using feature(s) {1,2,3,4,5,6,7,8,9,10,11,12,13,14,15,16,18,19,21,22,23,24,25,26,27,28,29,30,31,32,33,34,35,36,37,38,39} accuracy is 71.6%

Feature set {1,2,3,4,5,6,7,8,9,10,11,12,13,14,16,18,19,21,22,23,24,25,26,27,28,29,30,31,32,33,34,35,36,37,38,39,40} was best, accuracy is 72%

	using feature(s) {2,3,4,5,6,7,8,9,10,11,12,13,14,16,18,19,21,22,23,24,25,26,27,28,29,30,31,32,33,34,35,36,37,38,39,40} accuracy is 71.1%
	using feature(s) {1,3,4,5,6,7,8,9,10,11,12,13,14,16,18,19,21,22,23,24,25,26,27,28,29,30,31,32,33,34,35,36,37,38,39,40} accuracy is 69.7%
	using feature(s) {1,2,4,5,6,7,8,9,10,11,12,13,14,16,18,19,21,22,23,24,25,26,27,28,29,30,31,32,33,34,35,36,37,38,39,40} accuracy is 71.9%
	using feature(s) {1,2,3,5,6,7,8,9,10,11,12,13,14,16,18,19,21,22,23,24,25,26,27,28,29,30,31,32,33,34,35,36,37,38,39,40} accuracy is 70%
	using feature(s) {1,2,3,4,6,7,8,9,10,11,12,13,14,16,18,19,21,22,23,24,25,26,27,28,29,30,31,32,33,34,35,36,37,38,39,40} accuracy is 71.9%
	using feature(s) {1,2,3,4,5,7,8,9,10,11,12,13,14,16,18,19,21,22,23,24,25,26,27,28,29,30,31,32,33,34,35,36,37,38,39,40} accuracy is 71.5%
	using feature(s) {1,2,3,4,5,6,8,9,10,11,12,13,14,16,18,19,21,22,23,24,25,26,27,28,29,30,31,32,33,34,35,36,37,38,39,40} accuracy is 68.8%
	using feature(s) {1,2,3,4,5,6,7,9,10,11,12,13,14,16,18,19,21,22,23,24,25,26,27,28,29,30,31,32,33,34,35,36,37,38,39,40} accuracy is 71.7%
	using feature(s) {1,2,3,4,5,6,7,8,10,11,12,13,14,16,18,19,21,22,23,24,25,26,27,28,29,30,31,32,33,34,35,36,37,38,39,40} accuracy is 71.5%
	using feature(s) {1,2,3,4,5,6,7,8,9,11,12,13,14,16,18,19,21,22,23,24,25,26,27,28,29,30,31,32,33,34,35,36,37,38,39,40} accuracy is 70.1%
	using feature(s) {1,2,3,4,5,6,7,8,9,10,12,13,14,16,18,19,21,22,23,24,25,26,27,28,29,30,31,32,33,34,35,36,37,38,39,40} accuracy is 71.7%
	using feature(s) {1,2,3,4,5,6,7,8,9,10,11,13,14,16,18,19,21,22,23,24,25,26,27,28,29,30,31,32,33,34,35,36,37,38,39,40} accuracy is 71.3%
	using feature(s) {1,2,3,4,5,6,7,8,9,10,11,12,14,16,18,19,21,22,23,24,25,26,27,28,29,30,31,32,33,34,35,36,37,38,39,40} accuracy is 71.9%
	using feature(s) {1,2,3,4,5,6,7,8,9,10,11,12,13,16,18,19,21,22,23,24,25,26,27,28,29,30,31,32,33,34,35,36,37,38,39,40} accuracy is 71.3%
	using feature(s) {1,2,3,4,5,6,7,8,9,10,11,12,13,14,18,19,21,22,23,24,25,26,27,28,29,30,31,32,33,34,35,36,37,38,39,40} accuracy is 70.2%
	using feature(s) {1,2,3,4,5,6,7,8,9,10,11,12,13,14,16,19,21,22,23,24,25,26,27,28,29,30,31,32,33,34,35,36,37,38,39,40} accuracy is 70.8%
	using feature(s) {1,2,3,4,5,6,7,8,9,10,11,12,13,14,16,18,21,22,23,24,25,26,27,28,29,30,31,32,33,34,35,36,37,38,39,40} accuracy is 70.6%
	using feature(s) {1,2,3,4,5,6,7,8,9,10,11,12,13,14,16,18,19,22,23,24,25,26,27,28,29,30,31,32,33,34,35,36,37,38,39,40} accuracy is 71.8%
	using feature(s) {1,2,3,4,5,6,7,8,9,10,11,12,13,14,16,18,19,21,23,24,25,26,27,28,29,30,31,32,33,34,35,36,37,38,39,40} accuracy is 71.7%
	using feature(s) {1,2,3,4,5,6,7,8,9,10,11,12,13,14,16,18,19,21,22,24,25,26,27,28,29,30,31,32,33,34,35,36,37,38,39,40} accuracy is 71.4%
	using feature(s) {1,2,3,4,5,6,7,8,9,10,11,12,13,14,16,18,19,21,22,23,25,26,27,28,29,30,31,32,33,34,35,36,37,38,39,40} accuracy is 71.5%
	using feature(s) {1,2,3,4,5,6,7,8,9,10,11,12,13,14,16,18,19,21,22,23,24,26,27,28,29,30,31,32,33,34,35,36,37,38,39,40} accuracy is 70.2%
	using feature(s) {1,2,3,4,5,6,7,8,9,10,11,12,13,14,16,18,19,21,22,23,24,25,27,28,29,30,31,32,33,34,35,36,37,38,39,40} accuracy is 68.3%
	using feature(s) {1,2,3,4,5,6,7,8,9,10,11,12,13,14,16,18,19,21,22,23,24,25,26,28,29,30,31,32,33,34,35,36,37,38,39,40} accuracy is 70.4%
	using feature(s) {1,2,3,4,5,6,7,8,9,10,11,12,13,14,16,18,19,21,22,23,24,25,26,27,29,30,31,32,33,34,35,36,37,38,39,40} accuracy is 71.1%
	using feature(s) {1,2,3,4,5,6,7,8,9,10,11,12,13,14,16,18,19,21,22,23,24,25,26,27,28,30,31,32,33,34,35,36,37,38,39,40} accuracy is 69.1%
	using feature(s) {1,2,3,4,5,6,7,8,9,10,11,12,13,14,16,18,19,21,22,23,24,25,26,27,28,29,31,32,33,34,35,36,37,38,39,40} accuracy is 71.4%
	using feature(s) {1,2,3,4,5,6,7,8,9,10,11,12,13,14,16,18,19,21,22,23,24,25,26,27,28,29,30,32,33,34,35,36,37,38,39,40} accuracy is 70.5%
	using feature(s) {1,2,3,4,5,6,7,8,9,10,11,12,13,14,16,18,19,21,22,23,24,25,26,27,28,29,30,31,33,34,35,36,37,38,39,40} accuracy is 71.2%
	using feature(s) {1,2,3,4,5,6,7,8,9,10,11,12,13,14,16,18,19,21,22,23,24,25,26,27,28,29,30,31,32,34,35,36,37,38,39,40} accuracy is 70.8%
	using feature(s) {1,2,3,4,5,6,7,8,9,10,11,12,13,14,16,18,19,21,22,23,24,25,26,27,28,29,30,31,32,33,35,36,37,38,39,40} accuracy is 70.2%
	using feature(s) {1,2,3,4,5,6,7,8,9,10,11,12,13,14,16,18,19,21,22,23,24,25,26,27,28,29,30,31,32,33,34,36,37,38,39,40} accuracy is 70.8%
	using feature(s) {1,2,3,4,5,6,7,8,9,10,11,12,13,14,16,18,19,21,22,23,24,25,26,27,28,29,30,31,32,33,34,35,37,38,39,40} accuracy is 71.6%
	using feature(s) {1,2,3,4,5,6,7,8,9,10,11,12,13,14,16,18,19,21,22,23,24,25,26,27,28,29,30,31,32,33,34,35,36,38,39,40} accuracy is 69.4%
	using feature(s) {1,2,3,4,5,6,7,8,9,10,11,12,13,14,16,18,19,21,22,23,24,25,26,27,28,29,30,31,32,33,34,35,36,37,39,40} accuracy is 70.6%
	using feature(s) {1,2,3,4,5,6,7,8,9,10,11,12,13,14,16,18,19,21,22,23,24,25,26,27,28,29,30,31,32,33,34,35,36,37,38,40} accuracy is 70.8%
	using feature(s) {1,2,3,4,5,6,7,8,9,10,11,12,13,14,16,18,19,21,22,23,24,25,26,27,28,29,30,31,32,33,34,35,36,37,38,39} accuracy is 72.8%

Feature set {1,2,3,4,5,6,7,8,9,10,11,12,13,14,16,18,19,21,22,23,24,25,26,27,28,29,30,31,32,33,34,35,36,37,38,39} was best, accuracy is 72.8%

	using feature(s) {2,3,4,5,6,7,8,9,10,11,12,13,14,16,18,19,21,22,23,24,25,26,27,28,29,30,31,32,33,34,35,36,37,38,39} accuracy is 71.3%
	using feature(s) {1,3,4,5,6,7,8,9,10,11,12,13,14,16,18,19,21,22,23,24,25,26,27,28,29,30,31,32,33,34,35,36,37,38,39} accuracy is 70%
	using feature(s) {1,2,4,5,6,7,8,9,10,11,12,13,14,16,18,19,21,22,23,24,25,26,27,28,29,30,31,32,33,34,35,36,37,38,39} accuracy is 71.8%
	using feature(s) {1,2,3,5,6,7,8,9,10,11,12,13,14,16,18,19,21,22,23,24,25,26,27,28,29,30,31,32,33,34,35,36,37,38,39} accuracy is 70.8%
	using feature(s) {1,2,3,4,6,7,8,9,10,11,12,13,14,16,18,19,21,22,23,24,25,26,27,28,29,30,31,32,33,34,35,36,37,38,39} accuracy is 72%
	using feature(s) {1,2,3,4,5,7,8,9,10,11,12,13,14,16,18,19,21,22,23,24,25,26,27,28,29,30,31,32,33,34,35,36,37,38,39} accuracy is 71.7%
	using feature(s) {1,2,3,4,5,6,8,9,10,11,12,13,14,16,18,19,21,22,23,24,25,26,27,28,29,30,31,32,33,34,35,36,37,38,39} accuracy is 68.5%
	using feature(s) {1,2,3,4,5,6,7,9,10,11,12,13,14,16,18,19,21,22,23,24,25,26,27,28,29,30,31,32,33,34,35,36,37,38,39} accuracy is 71.4%
	using feature(s) {1,2,3,4,5,6,7,8,10,11,12,13,14,16,18,19,21,22,23,24,25,26,27,28,29,30,31,32,33,34,35,36,37,38,39} accuracy is 72.3%
	using feature(s) {1,2,3,4,5,6,7,8,9,11,12,13,14,16,18,19,21,22,23,24,25,26,27,28,29,30,31,32,33,34,35,36,37,38,39} accuracy is 70.2%
	using feature(s) {1,2,3,4,5,6,7,8,9,10,12,13,14,16,18,19,21,22,23,24,25,26,27,28,29,30,31,32,33,34,35,36,37,38,39} accuracy is 71.3%
	using feature(s) {1,2,3,4,5,6,7,8,9,10,11,13,14,16,18,19,21,22,23,24,25,26,27,28,29,30,31,32,33,34,35,36,37,38,39} accuracy is 71.8%
	using feature(s) {1,2,3,4,5,6,7,8,9,10,11,12,14,16,18,19,21,22,23,24,25,26,27,28,29,30,31,32,33,34,35,36,37,38,39} accuracy is 70.9%
	using feature(s) {1,2,3,4,5,6,7,8,9,10,11,12,13,16,18,19,21,22,23,24,25,26,27,28,29,30,31,32,33,34,35,36,37,38,39} accuracy is 70.2%
	using feature(s) {1,2,3,4,5,6,7,8,9,10,11,12,13,14,18,19,21,22,23,24,25,26,27,28,29,30,31,32,33,34,35,36,37,38,39} accuracy is 70.7%
	using feature(s) {1,2,3,4,5,6,7,8,9,10,11,12,13,14,16,19,21,22,23,24,25,26,27,28,29,30,31,32,33,34,35,36,37,38,39} accuracy is 71.3%
	using feature(s) {1,2,3,4,5,6,7,8,9,10,11,12,13,14,16,18,21,22,23,24,25,26,27,28,29,30,31,32,33,34,35,36,37,38,39} accuracy is 70.5%
	using feature(s) {1,2,3,4,5,6,7,8,9,10,11,12,13,14,16,18,19,22,23,24,25,26,27,28,29,30,31,32,33,34,35,36,37,38,39} accuracy is 72.9%
	using feature(s) {1,2,3,4,5,6,7,8,9,10,11,12,13,14,16,18,19,21,23,24,25,26,27,28,29,30,31,32,33,34,35,36,37,38,39} accuracy is 70.6%
	using feature(s) {1,2,3,4,5,6,7,8,9,10,11,12,13,14,16,18,19,21,22,24,25,26,27,28,29,30,31,32,33,34,35,36,37,38,39} accuracy is 71.8%
	using feature(s) {1,2,3,4,5,6,7,8,9,10,11,12,13,14,16,18,19,21,22,23,25,26,27,28,29,30,31,32,33,34,35,36,37,38,39} accuracy is 71.4%
	using feature(s) {1,2,3,4,5,6,7,8,9,10,11,12,13,14,16,18,19,21,22,23,24,26,27,28,29,30,31,32,33,34,35,36,37,38,39} accuracy is 70.5%
	using feature(s) {1,2,3,4,5,6,7,8,9,10,11,12,13,14,16,18,19,21,22,23,24,25,27,28,29,30,31,32,33,34,35,36,37,38,39} accuracy is 69.2%
	using feature(s) {1,2,3,4,5,6,7,8,9,10,11,12,13,14,16,18,19,21,22,23,24,25,26,28,29,30,31,32,33,34,35,36,37,38,39} accuracy is 70.9%
	using feature(s) {1,2,3,4,5,6,7,8,9,10,11,12,13,14,16,18,19,21,22,23,24,25,26,27,29,30,31,32,33,34,35,36,37,38,39} accuracy is 69.9%
	using feature(s) {1,2,3,4,5,6,7,8,9,10,11,12,13,14,16,18,19,21,22,23,24,25,26,27,28,30,31,32,33,34,35,36,37,38,39} accuracy is 69.4%
	using feature(s) {1,2,3,4,5,6,7,8,9,10,11,12,13,14,16,18,19,21,22,23,24,25,26,27,28,29,31,32,33,34,35,36,37,38,39} accuracy is 71%
	using feature(s) {1,2,3,4,5,6,7,8,9,10,11,12,13,14,16,18,19,21,22,23,24,25,26,27,28,29,30,32,33,34,35,36,37,38,39} accuracy is 70.3%
	using feature(s) {1,2,3,4,5,6,7,8,9,10,11,12,13,14,16,18,19,21,22,23,24,25,26,27,28,29,30,31,33,34,35,36,37,38,39} accuracy is 72.1%
	using feature(s) {1,2,3,4,5,6,7,8,9,10,11,12,13,14,16,18,19,21,22,23,24,25,26,27,28,29,30,31,32,34,35,36,37,38,39} accuracy is 70.3%
	using feature(s) {1,2,3,4,5,6,7,8,9,10,11,12,13,14,16,18,19,21,22,23,24,25,26,27,28,29,30,31,32,33,35,36,37,38,39} accuracy is 70.8%
	using feature(s) {1,2,3,4,5,6,7,8,9,10,11,12,13,14,16,18,19,21,22,23,24,25,26,27,28,29,30,31,32,33,34,36,37,38,39} accuracy is 70.9%
	using feature(s) {1,2,3,4,5,6,7,8,9,10,11,12,13,14,16,18,19,21,22,23,24,25,26,27,28,29,30,31,32,33,34,35,37,38,39} accuracy is 72.1%
	using feature(s) {1,2,3,4,5,6,7,8,9,10,11,12,13,14,16,18,19,21,22,23,24,25,26,27,28,29,30,31,32,33,34,35,36,38,39} accuracy is 69.5%
	using feature(s) {1,2,3,4,5,6,7,8,9,10,11,12,13,14,16,18,19,21,22,23,24,25,26,27,28,29,30,31,32,33,34,35,36,37,39} accuracy is 72.4%
	using feature(s) {1,2,3,4,5,6,7,8,9,10,11,12,13,14,16,18,19,21,22,23,24,25,26,27,28,29,30,31,32,33,34,35,36,37,38} accuracy is 72.1%

Feature set {1,2,3,4,5,6,7,8,9,10,11,12,13,14,16,18,19,22,23,24,25,26,27,28,29,30,31,32,33,34,35,36,37,38,39} was best, accuracy is 72.9%

	using feature(s) {2,3,4,5,6,7,8,9,10,11,12,13,14,16,18,19,22,23,24,25,26,27,28,29,30,31,32,33,34,35,36,37,38,39} accuracy is 71.5%
	using feature(s) {1,3,4,5,6,7,8,9,10,11,12,13,14,16,18,19,22,23,24,25,26,27,28,29,30,31,32,33,34,35,36,37,38,39} accuracy is 70.8%
	using feature(s) {1,2,4,5,6,7,8,9,10,11,12,13,14,16,18,19,22,23,24,25,26,27,28,29,30,31,32,33,34,35,36,37,38,39} accuracy is 72.7%
	using feature(s) {1,2,3,5,6,7,8,9,10,11,12,13,14,16,18,19,22,23,24,25,26,27,28,29,30,31,32,33,34,35,36,37,38,39} accuracy is 70.4%
	using feature(s) {1,2,3,4,6,7,8,9,10,11,12,13,14,16,18,19,22,23,24,25,26,27,28,29,30,31,32,33,34,35,36,37,38,39} accuracy is 71.9%
	using feature(s) {1,2,3,4,5,7,8,9,10,11,12,13,14,16,18,19,22,23,24,25,26,27,28,29,30,31,32,33,34,35,36,37,38,39} accuracy is 72.7%
	using feature(s) {1,2,3,4,5,6,8,9,10,11,12,13,14,16,18,19,22,23,24,25,26,27,28,29,30,31,32,33,34,35,36,37,38,39} accuracy is 70%
	using feature(s) {1,2,3,4,5,6,7,9,10,11,12,13,14,16,18,19,22,23,24,25,26,27,28,29,30,31,32,33,34,35,36,37,38,39} accuracy is 71.1%
	using feature(s) {1,2,3,4,5,6,7,8,10,11,12,13,14,16,18,19,22,23,24,25,26,27,28,29,30,31,32,33,34,35,36,37,38,39} accuracy is 71.1%
	using feature(s) {1,2,3,4,5,6,7,8,9,11,12,13,14,16,18,19,22,23,24,25,26,27,28,29,30,31,32,33,34,35,36,37,38,39} accuracy is 71.8%
	using feature(s) {1,2,3,4,5,6,7,8,9,10,12,13,14,16,18,19,22,23,24,25,26,27,28,29,30,31,32,33,34,35,36,37,38,39} accuracy is 71.6%
	using feature(s) {1,2,3,4,5,6,7,8,9,10,11,13,14,16,18,19,22,23,24,25,26,27,28,29,30,31,32,33,34,35,36,37,38,39} accuracy is 72.5%
	using feature(s) {1,2,3,4,5,6,7,8,9,10,11,12,14,16,18,19,22,23,24,25,26,27,28,29,30,31,32,33,34,35,36,37,38,39} accuracy is 71.6%
	using feature(s) {1,2,3,4,5,6,7,8,9,10,11,12,13,16,18,19,22,23,24,25,26,27,28,29,30,31,32,33,34,35,36,37,38,39} accuracy is 69.1%
	using feature(s) {1,2,3,4,5,6,7,8,9,10,11,12,13,14,18,19,22,23,24,25,26,27,28,29,30,31,32,33,34,35,36,37,38,39} accuracy is 70.5%
	using feature(s) {1,2,3,4,5,6,7,8,9,10,11,12,13,14,16,19,22,23,24,25,26,27,28,29,30,31,32,33,34,35,36,37,38,39} accuracy is 72.4%
	using feature(s) {1,2,3,4,5,6,7,8,9,10,11,12,13,14,16,18,22,23,24,25,26,27,28,29,30,31,32,33,34,35,36,37,38,39} accuracy is 71.6%
	using feature(s) {1,2,3,4,5,6,7,8,9,10,11,12,13,14,16,18,19,23,24,25,26,27,28,29,30,31,32,33,34,35,36,37,38,39} accuracy is 71.9%
	using feature(s) {1,2,3,4,5,6,7,8,9,10,11,12,13,14,16,18,19,22,24,25,26,27,28,29,30,31,32,33,34,35,36,37,38,39} accuracy is 73.1%
	using feature(s) {1,2,3,4,5,6,7,8,9,10,11,12,13,14,16,18,19,22,23,25,26,27,28,29,30,31,32,33,34,35,36,37,38,39} accuracy is 70.7%
	using feature(s) {1,2,3,4,5,6,7,8,9,10,11,12,13,14,16,18,19,22,23,24,26,27,28,29,30,31,32,33,34,35,36,37,38,39} accuracy is 71.7%
	using feature(s) {1,2,3,4,5,6,7,8,9,10,11,12,13,14,16,18,19,22,23,24,25,27,28,29,30,31,32,33,34,35,36,37,38,39} accuracy is 69.3%
	using feature(s) {1,2,3,4,5,6,7,8,9,10,11,12,13,14,16,18,19,22,23,24,25,26,28,29,30,31,32,33,34,35,36,37,38,39} accuracy is 73.3%
	using feature(s) {1,2,3,4,5,6,7,8,9,10,11,12,13,14,16,18,19,22,23,24,25,26,27,29,30,31,32,33,34,35,36,37,38,39} accuracy is 70.1%
	using feature(s) {1,2,3,4,5,6,7,8,9,10,11,12,13,14,16,18,19,22,23,24,25,26,27,28,30,31,32,33,34,35,36,37,38,39} accuracy is 69.5%
	using feature(s) {1,2,3,4,5,6,7,8,9,10,11,12,13,14,16,18,19,22,23,24,25,26,27,28,29,31,32,33,34,35,36,37,38,39} accuracy is 71.7%
	using feature(s) {1,2,3,4,5,6,7,8,9,10,11,12,13,14,16,18,19,22,23,24,25,26,27,28,29,30,32,33,34,35,36,37,38,39} accuracy is 71.6%
	using feature(s) {1,2,3,4,5,6,7,8,9,10,11,12,13,14,16,18,19,22,23,24,25,26,27,28,29,30,31,33,34,35,36,37,38,39} accuracy is 72.3%
	using feature(s) {1,2,3,4,5,6,7,8,9,10,11,12,13,14,16,18,19,22,23,24,25,26,27,28,29,30,31,32,34,35,36,37,38,39} accuracy is 71.2%
	using feature(s) {1,2,3,4,5,6,7,8,9,10,11,12,13,14,16,18,19,22,23,24,25,26,27,28,29,30,31,32,33,35,36,37,38,39} accuracy is 71.4%
	using feature(s) {1,2,3,4,5,6,7,8,9,10,11,12,13,14,16,18,19,22,23,24,25,26,27,28,29,30,31,32,33,34,36,37,38,39} accuracy is 72.4%
	using feature(s) {1,2,3,4,5,6,7,8,9,10,11,12,13,14,16,18,19,22,23,24,25,26,27,28,29,30,31,32,33,34,35,37,38,39} accuracy is 73.2%
	using feature(s) {1,2,3,4,5,6,7,8,9,10,11,12,13,14,16,18,19,22,23,24,25,26,27,28,29,30,31,32,33,34,35,36,38,39} accuracy is 70.7%
	using feature(s) {1,2,3,4,5,6,7,8,9,10,11,12,13,14,16,18,19,22,23,24,25,26,27,28,29,30,31,32,33,34,35,36,37,39} accuracy is 72.4%
	using feature(s) {1,2,3,4,5,6,7,8,9,10,11,12,13,14,16,18,19,22,23,24,25,26,27,28,29,30,31,32,33,34,35,36,37,38} accuracy is 72.5%

Feature set {1,2,3,4,5,6,7,8,9,10,11,12,13,14,16,18,19,22,23,24,25,26,28,29,30,31,32,33,34,35,36,37,38,39} was best, accuracy is 73.3%

	using feature(s) {2,3,4,5,6,7,8,9,10,11,12,13,14,16,18,19,22,23,24,25,26,28,29,30,31,32,33,34,35,36,37,38,39} accuracy is 71.1%
	using feature(s) {1,3,4,5,6,7,8,9,10,11,12,13,14,16,18,19,22,23,24,25,26,28,29,30,31,32,33,34,35,36,37,38,39} accuracy is 71.4%
	using feature(s) {1,2,4,5,6,7,8,9,10,11,12,13,14,16,18,19,22,23,24,25,26,28,29,30,31,32,33,34,35,36,37,38,39} accuracy is 72.6%
	using feature(s) {1,2,3,5,6,7,8,9,10,11,12,13,14,16,18,19,22,23,24,25,26,28,29,30,31,32,33,34,35,36,37,38,39} accuracy is 71.3%
	using feature(s) {1,2,3,4,6,7,8,9,10,11,12,13,14,16,18,19,22,23,24,25,26,28,29,30,31,32,33,34,35,36,37,38,39} accuracy is 73.2%
	using feature(s) {1,2,3,4,5,7,8,9,10,11,12,13,14,16,18,19,22,23,24,25,26,28,29,30,31,32,33,34,35,36,37,38,39} accuracy is 72.5%
	using feature(s) {1,2,3,4,5,6,8,9,10,11,12,13,14,16,18,19,22,23,24,25,26,28,29,30,31,32,33,34,35,36,37,38,39} accuracy is 71.1%
	using feature(s) {1,2,3,4,5,6,7,9,10,11,12,13,14,16,18,19,22,23,24,25,26,28,29,30,31,32,33,34,35,36,37,38,39} accuracy is 72.4%
	using feature(s) {1,2,3,4,5,6,7,8,10,11,12,13,14,16,18,19,22,23,24,25,26,28,29,30,31,32,33,34,35,36,37,38,39} accuracy is 71.3%
	using feature(s) {1,2,3,4,5,6,7,8,9,11,12,13,14,16,18,19,22,23,24,25,26,28,29,30,31,32,33,34,35,36,37,38,39} accuracy is 71.4%
	using feature(s) {1,2,3,4,5,6,7,8,9,10,12,13,14,16,18,19,22,23,24,25,26,28,29,30,31,32,33,34,35,36,37,38,39} accuracy is 72.1%
	using feature(s) {1,2,3,4,5,6,7,8,9,10,11,13,14,16,18,19,22,23,24,25,26,28,29,30,31,32,33,34,35,36,37,38,39} accuracy is 72.3%
	using feature(s) {1,2,3,4,5,6,7,8,9,10,11,12,14,16,18,19,22,23,24,25,26,28,29,30,31,32,33,34,35,36,37,38,39} accuracy is 72.3%
	using feature(s) {1,2,3,4,5,6,7,8,9,10,11,12,13,16,18,19,22,23,24,25,26,28,29,30,31,32,33,34,35,36,37,38,39} accuracy is 69.9%
	using feature(s) {1,2,3,4,5,6,7,8,9,10,11,12,13,14,18,19,22,23,24,25,26,28,29,30,31,32,33,34,35,36,37,38,39} accuracy is 71.7%
	using feature(s) {1,2,3,4,5,6,7,8,9,10,11,12,13,14,16,19,22,23,24,25,26,28,29,30,31,32,33,34,35,36,37,38,39} accuracy is 72.1%
	using feature(s) {1,2,3,4,5,6,7,8,9,10,11,12,13,14,16,18,22,23,24,25,26,28,29,30,31,32,33,34,35,36,37,38,39} accuracy is 72.3%
	using feature(s) {1,2,3,4,5,6,7,8,9,10,11,12,13,14,16,18,19,23,24,25,26,28,29,30,31,32,33,34,35,36,37,38,39} accuracy is 71.9%
	using feature(s) {1,2,3,4,5,6,7,8,9,10,11,12,13,14,16,18,19,22,24,25,26,28,29,30,31,32,33,34,35,36,37,38,39} accuracy is 72.5%
	using feature(s) {1,2,3,4,5,6,7,8,9,10,11,12,13,14,16,18,19,22,23,25,26,28,29,30,31,32,33,34,35,36,37,38,39} accuracy is 72%
	using feature(s) {1,2,3,4,5,6,7,8,9,10,11,12,13,14,16,18,19,22,23,24,26,28,29,30,31,32,33,34,35,36,37,38,39} accuracy is 71.9%
	using feature(s) {1,2,3,4,5,6,7,8,9,10,11,12,13,14,16,18,19,22,23,24,25,28,29,30,31,32,33,34,35,36,37,38,39} accuracy is 70.6%
	using feature(s) {1,2,3,4,5,6,7,8,9,10,11,12,13,14,16,18,19,22,23,24,25,26,29,30,31,32,33,34,35,36,37,38,39} accuracy is 71.7%
	using feature(s) {1,2,3,4,5,6,7,8,9,10,11,12,13,14,16,18,19,22,23,24,25,26,28,30,31,32,33,34,35,36,37,38,39} accuracy is 70.4%
	using feature(s) {1,2,3,4,5,6,7,8,9,10,11,12,13,14,16,18,19,22,23,24,25,26,28,29,31,32,33,34,35,36,37,38,39} accuracy is 72.9%
	using feature(s) {1,2,3,4,5,6,7,8,9,10,11,12,13,14,16,18,19,22,23,24,25,26,28,29,30,32,33,34,35,36,37,38,39} accuracy is 71.9%
	using feature(s) {1,2,3,4,5,6,7,8,9,10,11,12,13,14,16,18,19,22,23,24,25,26,28,29,30,31,33,34,35,36,37,38,39} accuracy is 74.6%
	using feature(s) {1,2,3,4,5,6,7,8,9,10,11,12,13,14,16,18,19,22,23,24,25,26,28,29,30,31,32,34,35,36,37,38,39} accuracy is 71.5%
	using feature(s) {1,2,3,4,5,6,7,8,9,10,11,12,13,14,16,18,19,22,23,24,25,26,28,29,30,31,32,33,35,36,37,38,39} accuracy is 71%
	using feature(s) {1,2,3,4,5,6,7,8,9,10,11,12,13,14,16,18,19,22,23,24,25,26,28,29,30,31,32,33,34,36,37,38,39} accuracy is 72.6%
	using feature(s) {1,2,3,4,5,6,7,8,9,10,11,12,13,14,16,18,19,22,23,24,25,26,28,29,30,31,32,33,34,35,37,38,39} accuracy is 72.1%
	using feature(s) {1,2,3,4,5,6,7,8,9,10,11,12,13,14,16,18,19,22,23,24,25,26,28,29,30,31,32,33,34,35,36,38,39} accuracy is 71%
	using feature(s) {1,2,3,4,5,6,7,8,9,10,11,12,13,14,16,18,19,22,23,24,25,26,28,29,30,31,32,33,34,35,36,37,39} accuracy is 72.7%
	using feature(s) {1,2,3,4,5,6,7,8,9,10,11,12,13,14,16,18,19,22,23,24,25,26,28,29,30,31,32,33,34,35,36,37,38} accuracy is 72.6%

Feature set {1,2,3,4,5,6,7,8,9,10,11,12,13,14,16,18,19,22,23,24,25,26,28,29,30,31,33,34,35,36,37,38,39} was best, accuracy is 74.6%

	using feature(s) {2,3,4,5,6,7,8,9,10,11,12,13,14,16,18,19,22,23,24,25,26,28,29,30,31,33,34,35,36,37,38,39} accuracy is 74.4%
	using feature(s) {1,3,4,5,6,7,8,9,10,11,12,13,14,16,18,19,22,23,24,25,26,28,29,30,31,33,34,35,36,37,38,39} accuracy is 72.3%
	using feature(s) {1,2,4,5,6,7,8,9,10,11,12,13,14,16,18,19,22,23,24,25,26,28,29,30,31,33,34,35,36,37,38,39} accuracy is 72.4%
	using feature(s) {1,2,3,5,6,7,8,9,10,11,12,13,14,16,18,19,22,23,24,25,26,28,29,30,31,33,34,35,36,37,38,39} accuracy is 73.2%
	using feature(s) {1,2,3,4,6,7,8,9,10,11,12,13,14,16,18,19,22,23,24,25,26,28,29,30,31,33,34,35,36,37,38,39} accuracy is 74.5%
	using feature(s) {1,2,3,4,5,7,8,9,10,11,12,13,14,16,18,19,22,23,24,25,26,28,29,30,31,33,34,35,36,37,38,39} accuracy is 74%
	using feature(s) {1,2,3,4,5,6,8,9,10,11,12,13,14,16,18,19,22,23,24,25,26,28,29,30,31,33,34,35,36,37,38,39} accuracy is 72.3%
	using feature(s) {1,2,3,4,5,6,7,9,10,11,12,13,14,16,18,19,22,23,24,25,26,28,29,30,31,33,34,35,36,37,38,39} accuracy is 73.7%
	using feature(s) {1,2,3,4,5,6,7,8,10,11,12,13,14,16,18,19,22,23,24,25,26,28,29,30,31,33,34,35,36,37,38,39} accuracy is 71.9%
	using feature(s) {1,2,3,4,5,6,7,8,9,11,12,13,14,16,18,19,22,23,24,25,26,28,29,30,31,33,34,35,36,37,38,39} accuracy is 72.7%
	using feature(s) {1,2,3,4,5,6,7,8,9,10,12,13,14,16,18,19,22,23,24,25,26,28,29,30,31,33,34,35,36,37,38,39} accuracy is 74.1%
	using feature(s) {1,2,3,4,5,6,7,8,9,10,11,13,14,16,18,19,22,23,24,25,26,28,29,30,31,33,34,35,36,37,38,39} accuracy is 74.7%
	using feature(s) {1,2,3,4,5,6,7,8,9,10,11,12,14,16,18,19,22,23,24,25,26,28,29,30,31,33,34,35,36,37,38,39} accuracy is 73.6%
	using feature(s) {1,2,3,4,5,6,7,8,9,10,11,12,13,16,18,19,22,23,24,25,26,28,29,30,31,33,34,35,36,37,38,39} accuracy is 72.5%
	using feature(s) {1,2,3,4,5,6,7,8,9,10,11,12,13,14,18,19,22,23,24,25,26,28,29,30,31,33,34,35,36,37,38,39} accuracy is 73.1%
	using feature(s) {1,2,3,4,5,6,7,8,9,10,11,12,13,14,16,19,22,23,24,25,26,28,29,30,31,33,34,35,36,37,38,39} accuracy is 73.1%
	using feature(s) {1,2,3,4,5,6,7,8,9,10,11,12,13,14,16,18,22,23,24,25,26,28,29,30,31,33,34,35,36,37,38,39} accuracy is 73.2%
	using feature(s) {1,2,3,4,5,6,7,8,9,10,11,12,13,14,16,18,19,23,24,25,26,28,29,30,31,33,34,35,36,37,38,39} accuracy is 73.9%
	using feature(s) {1,2,3,4,5,6,7,8,9,10,11,12,13,14,16,18,19,22,24,25,26,28,29,30,31,33,34,35,36,37,38,39} accuracy is 73.6%
	using feature(s) {1,2,3,4,5,6,7,8,9,10,11,12,13,14,16,18,19,22,23,25,26,28,29,30,31,33,34,35,36,37,38,39} accuracy is 72.5%
	using feature(s) {1,2,3,4,5,6,7,8,9,10,11,12,13,14,16,18,19,22,23,24,26,28,29,30,31,33,34,35,36,37,38,39} accuracy is 72.5%
	using feature(s) {1,2,3,4,5,6,7,8,9,10,11,12,13,14,16,18,19,22,23,24,25,28,29,30,31,33,34,35,36,37,38,39} accuracy is 70.8%
	using feature(s) {1,2,3,4,5,6,7,8,9,10,11,12,13,14,16,18,19,22,23,24,25,26,29,30,31,33,34,35,36,37,38,39} accuracy is 72.4%
	using feature(s) {1,2,3,4,5,6,7,8,9,10,11,12,13,14,16,18,19,22,23,24,25,26,28,30,31,33,34,35,36,37,38,39} accuracy is 72.7%
	using feature(s) {1,2,3,4,5,6,7,8,9,10,11,12,13,14,16,18,19,22,23,24,25,26,28,29,31,33,34,35,36,37,38,39} accuracy is 73.5%
	using feature(s) {1,2,3,4,5,6,7,8,9,10,11,12,13,14,16,18,19,22,23,24,25,26,28,29,30,33,34,35,36,37,38,39} accuracy is 73.9%
	using feature(s) {1,2,3,4,5,6,7,8,9,10,11,12,13,14,16,18,19,22,23,24,25,26,28,29,30,31,34,35,36,37,38,39} accuracy is 73.8%
	using feature(s) {1,2,3,4,5,6,7,8,9,10,11,12,13,14,16,18,19,22,23,24,25,26,28,29,30,31,33,35,36,37,38,39} accuracy is 73.2%
	using feature(s) {1,2,3,4,5,6,7,8,9,10,11,12,13,14,16,18,19,22,23,24,25,26,28,29,30,31,33,34,36,37,38,39} accuracy is 72.6%
	using feature(s) {1,2,3,4,5,6,7,8,9,10,11,12,13,14,16,18,19,22,23,24,25,26,28,29,30,31,33,34,35,37,38,39} accuracy is 73.4%
	using feature(s) {1,2,3,4,5,6,7,8,9,10,11,12,13,14,16,18,19,22,23,24,25,26,28,29,30,31,33,34,35,36,38,39} accuracy is 72.7%
	using feature(s) {1,2,3,4,5,6,7,8,9,10,11,12,13,14,16,18,19,22,23,24,25,26,28,29,30,31,33,34,35,36,37,39} accuracy is 74.6%
	using feature(s) {1,2,3,4,5,6,7,8,9,10,11,12,13,14,16,18,19,22,23,24,25,26,28,29,30,31,33,34,35,36,37,38} accuracy is 73.6%

Feature set {1,2,3,4,5,6,7,8,9,10,11,13,14,16,18,19,22,23,24,25,26,28,29,30,31,33,34,35,36,37,38,39} was best, accuracy is 74.7%

	using feature(s) {2,3,4,5,6,7,8,9,10,11,13,14,16,18,19,22,23,24,25,26,28,29,30,31,33,34,35,36,37,38,39} accuracy is 73.7%
	using feature(s) {1,3,4,5,6,7,8,9,10,11,13,14,16,18,19,22,23,24,25,26,28,29,30,31,33,34,35,36,37,38,39} accuracy is 73%
	using feature(s) {1,2,4,5,6,7,8,9,10,11,13,14,16,18,19,22,23,24,25,26,28,29,30,31,33,34,35,36,37,38,39} accuracy is 71.9%
	using feature(s) {1,2,3,5,6,7,8,9,10,11,13,14,16,18,19,22,23,24,25,26,28,29,30,31,33,34,35,36,37,38,39} accuracy is 74%
	using feature(s) {1,2,3,4,6,7,8,9,10,11,13,14,16,18,19,22,23,24,25,26,28,29,30,31,33,34,35,36,37,38,39} accuracy is 74.6%
	using feature(s) {1,2,3,4,5,7,8,9,10,11,13,14,16,18,19,22,23,24,25,26,28,29,30,31,33,34,35,36,37,38,39} accuracy is 73.7%
	using feature(s) {1,2,3,4,5,6,8,9,10,11,13,14,16,18,19,22,23,24,25,26,28,29,30,31,33,34,35,36,37,38,39} accuracy is 73.1%
	using feature(s) {1,2,3,4,5,6,7,9,10,11,13,14,16,18,19,22,23,24,25,26,28,29,30,31,33,34,35,36,37,38,39} accuracy is 72.9%
	using feature(s) {1,2,3,4,5,6,7,8,10,11,13,14,16,18,19,22,23,24,25,26,28,29,30,31,33,34,35,36,37,38,39} accuracy is 71.4%
	using feature(s) {1,2,3,4,5,6,7,8,9,11,13,14,16,18,19,22,23,24,25,26,28,29,30,31,33,34,35,36,37,38,39} accuracy is 73.2%
	using feature(s) {1,2,3,4,5,6,7,8,9,10,13,14,16,18,19,22,23,24,25,26,28,29,30,31,33,34,35,36,37,38,39} accuracy is 72.8%
	using feature(s) {1,2,3,4,5,6,7,8,9,10,11,14,16,18,19,22,23,24,25,26,28,29,30,31,33,34,35,36,37,38,39} accuracy is 73.7%
	using feature(s) {1,2,3,4,5,6,7,8,9,10,11,13,16,18,19,22,23,24,25,26,28,29,30,31,33,34,35,36,37,38,39} accuracy is 72.7%
	using feature(s) {1,2,3,4,5,6,7,8,9,10,11,13,14,18,19,22,23,24,25,26,28,29,30,31,33,34,35,36,37,38,39} accuracy is 73.1%
	using feature(s) {1,2,3,4,5,6,7,8,9,10,11,13,14,16,19,22,23,24,25,26,28,29,30,31,33,34,35,36,37,38,39} accuracy is 73%
	using feature(s) {1,2,3,4,5,6,7,8,9,10,11,13,14,16,18,22,23,24,25,26,28,29,30,31,33,34,35,36,37,38,39} accuracy is 72.9%
	using feature(s) {1,2,3,4,5,6,7,8,9,10,11,13,14,16,18,19,23,24,25,26,28,29,30,31,33,34,35,36,37,38,39} accuracy is 73.8%
	using feature(s) {1,2,3,4,5,6,7,8,9,10,11,13,14,16,18,19,22,24,25,26,28,29,30,31,33,34,35,36,37,38,39} accuracy is 74.5%
	using feature(s) {1,2,3,4,5,6,7,8,9,10,11,13,14,16,18,19,22,23,25,26,28,29,30,31,33,34,35,36,37,38,39} accuracy is 73.2%
	using feature(s) {1,2,3,4,5,6,7,8,9,10,11,13,14,16,18,19,22,23,24,26,28,29,30,31,33,34,35,36,37,38,39} accuracy is 73.3%
	using feature(s) {1,2,3,4,5,6,7,8,9,10,11,13,14,16,18,19,22,23,24,25,28,29,30,31,33,34,35,36,37,38,39} accuracy is 71.7%
	using feature(s) {1,2,3,4,5,6,7,8,9,10,11,13,14,16,18,19,22,23,24,25,26,29,30,31,33,34,35,36,37,38,39} accuracy is 71.9%
	using feature(s) {1,2,3,4,5,6,7,8,9,10,11,13,14,16,18,19,22,23,24,25,26,28,30,31,33,34,35,36,37,38,39} accuracy is 72.9%
	using feature(s) {1,2,3,4,5,6,7,8,9,10,11,13,14,16,18,19,22,23,24,25,26,28,29,31,33,34,35,36,37,38,39} accuracy is 73.9%
	using feature(s) {1,2,3,4,5,6,7,8,9,10,11,13,14,16,18,19,22,23,24,25,26,28,29,30,33,34,35,36,37,38,39} accuracy is 73.8%
	using feature(s) {1,2,3,4,5,6,7,8,9,10,11,13,14,16,18,19,22,23,24,25,26,28,29,30,31,34,35,36,37,38,39} accuracy is 72.2%
	using feature(s) {1,2,3,4,5,6,7,8,9,10,11,13,14,16,18,19,22,23,24,25,26,28,29,30,31,33,35,36,37,38,39} accuracy is 72.5%
	using feature(s) {1,2,3,4,5,6,7,8,9,10,11,13,14,16,18,19,22,23,24,25,26,28,29,30,31,33,34,36,37,38,39} accuracy is 72.8%
	using feature(s) {1,2,3,4,5,6,7,8,9,10,11,13,14,16,18,19,22,23,24,25,26,28,29,30,31,33,34,35,37,38,39} accuracy is 72.9%
	using feature(s) {1,2,3,4,5,6,7,8,9,10,11,13,14,16,18,19,22,23,24,25,26,28,29,30,31,33,34,35,36,38,39} accuracy is 71.6%
	using feature(s) {1,2,3,4,5,6,7,8,9,10,11,13,14,16,18,19,22,23,24,25,26,28,29,30,31,33,34,35,36,37,39} accuracy is 73.8%
	using feature(s) {1,2,3,4,5,6,7,8,9,10,11,13,14,16,18,19,22,23,24,25,26,28,29,30,31,33,34,35,36,37,38} accuracy is 73.5%

(Warning, Accuracy has decreased! Continuing search in case of local maxima)

Feature set {1,2,3,4,6,7,8,9,10,11,13,14,16,18,19,22,23,24,25,26,28,29,30,31,33,34,35,36,37,38,39} was best, accuracy is 74.6%

	using feature(s) {2,3,4,6,7,8,9,10,11,13,14,16,18,19,22,23,24,25,26,28,29,30,31,33,34,35,36,37,38,39} accuracy is 74.6%
	using feature(s) {1,3,4,6,7,8,9,10,11,13,14,16,18,19,22,23,24,25,26,28,29,30,31,33,34,35,36,37,38,39} accuracy is 73.3%
	using feature(s) {1,2,4,6,7,8,9,10,11,13,14,16,18,19,22,23,24,25,26,28,29,30,31,33,34,35,36,37,38,39} accuracy is 72.8%
	using feature(s) {1,2,3,6,7,8,9,10,11,13,14,16,18,19,22,23,24,25,26,28,29,30,31,33,34,35,36,37,38,39} accuracy is 73.6%
	using feature(s) {1,2,3,4,7,8,9,10,11,13,14,16,18,19,22,23,24,25,26,28,29,30,31,33,34,35,36,37,38,39} accuracy is 73.3%
	using feature(s) {1,2,3,4,6,8,9,10,11,13,14,16,18,19,22,23,24,25,26,28,29,30,31,33,34,35,36,37,38,39} accuracy is 73%
	using feature(s) {1,2,3,4,6,7,9,10,11,13,14,16,18,19,22,23,24,25,26,28,29,30,31,33,34,35,36,37,38,39} accuracy is 72.9%
	using feature(s) {1,2,3,4,6,7,8,10,11,13,14,16,18,19,22,23,24,25,26,28,29,30,31,33,34,35,36,37,38,39} accuracy is 73.3%
	using feature(s) {1,2,3,4,6,7,8,9,11,13,14,16,18,19,22,23,24,25,26,28,29,30,31,33,34,35,36,37,38,39} accuracy is 72.6%
	using feature(s) {1,2,3,4,6,7,8,9,10,13,14,16,18,19,22,23,24,25,26,28,29,30,31,33,34,35,36,37,38,39} accuracy is 73.7%
	using feature(s) {1,2,3,4,6,7,8,9,10,11,14,16,18,19,22,23,24,25,26,28,29,30,31,33,34,35,36,37,38,39} accuracy is 73.4%
	using feature(s) {1,2,3,4,6,7,8,9,10,11,13,16,18,19,22,23,24,25,26,28,29,30,31,33,34,35,36,37,38,39} accuracy is 73.7%
	using feature(s) {1,2,3,4,6,7,8,9,10,11,13,14,18,19,22,23,24,25,26,28,29,30,31,33,34,35,36,37,38,39} accuracy is 72.7%
	using feature(s) {1,2,3,4,6,7,8,9,10,11,13,14,16,19,22,23,24,25,26,28,29,30,31,33,34,35,36,37,38,39} accuracy is 72.6%
	using feature(s) {1,2,3,4,6,7,8,9,10,11,13,14,16,18,22,23,24,25,26,28,29,30,31,33,34,35,36,37,38,39} accuracy is 73.8%
	using feature(s) {1,2,3,4,6,7,8,9,10,11,13,14,16,18,19,23,24,25,26,28,29,30,31,33,34,35,36,37,38,39} accuracy is 73.7%
	using feature(s) {1,2,3,4,6,7,8,9,10,11,13,14,16,18,19,22,24,25,26,28,29,30,31,33,34,35,36,37,38,39} accuracy is 74.3%
	using feature(s) {1,2,3,4,6,7,8,9,10,11,13,14,16,18,19,22,23,25,26,28,29,30,31,33,34,35,36,37,38,39} accuracy is 73.1%
	using feature(s) {1,2,3,4,6,7,8,9,10,11,13,14,16,18,19,22,23,24,26,28,29,30,31,33,34,35,36,37,38,39} accuracy is 73.3%
	using feature(s) {1,2,3,4,6,7,8,9,10,11,13,14,16,18,19,22,23,24,25,28,29,30,31,33,34,35,36,37,38,39} accuracy is 72.1%
	using feature(s) {1,2,3,4,6,7,8,9,10,11,13,14,16,18,19,22,23,24,25,26,29,30,31,33,34,35,36,37,38,39} accuracy is 71.5%
	using feature(s) {1,2,3,4,6,7,8,9,10,11,13,14,16,18,19,22,23,24,25,26,28,30,31,33,34,35,36,37,38,39} accuracy is 73.4%
	using feature(s) {1,2,3,4,6,7,8,9,10,11,13,14,16,18,19,22,23,24,25,26,28,29,31,33,34,35,36,37,38,39} accuracy is 73.1%
	using feature(s) {1,2,3,4,6,7,8,9,10,11,13,14,16,18,19,22,23,24,25,26,28,29,30,33,34,35,36,37,38,39} accuracy is 74.2%
	using feature(s) {1,2,3,4,6,7,8,9,10,11,13,14,16,18,19,22,23,24,25,26,28,29,30,31,34,35,36,37,38,39} accuracy is 73%
	using feature(s) {1,2,3,4,6,7,8,9,10,11,13,14,16,18,19,22,23,24,25,26,28,29,30,31,33,35,36,37,38,39} accuracy is 72.8%
	using feature(s) {1,2,3,4,6,7,8,9,10,11,13,14,16,18,19,22,23,24,25,26,28,29,30,31,33,34,36,37,38,39} accuracy is 73%
	using feature(s) {1,2,3,4,6,7,8,9,10,11,13,14,16,18,19,22,23,24,25,26,28,29,30,31,33,34,35,37,38,39} accuracy is 74.1%
	using feature(s) {1,2,3,4,6,7,8,9,10,11,13,14,16,18,19,22,23,24,25,26,28,29,30,31,33,34,35,36,38,39} accuracy is 72.6%
	using feature(s) {1,2,3,4,6,7,8,9,10,11,13,14,16,18,19,22,23,24,25,26,28,29,30,31,33,34,35,36,37,39} accuracy is 75.2%
	using feature(s) {1,2,3,4,6,7,8,9,10,11,13,14,16,18,19,22,23,24,25,26,28,29,30,31,33,34,35,36,37,38} accuracy is 74.9%

Feature set {1,2,3,4,6,7,8,9,10,11,13,14,16,18,19,22,23,24,25,26,28,29,30,31,33,34,35,36,37,39} was best, accuracy is 75.2%

	using feature(s) {2,3,4,6,7,8,9,10,11,13,14,16,18,19,22,23,24,25,26,28,29,30,31,33,34,35,36,37,39} accuracy is 74.6%
	using feature(s) {1,3,4,6,7,8,9,10,11,13,14,16,18,19,22,23,24,25,26,28,29,30,31,33,34,35,36,37,39} accuracy is 74.3%
	using feature(s) {1,2,4,6,7,8,9,10,11,13,14,16,18,19,22,23,24,25,26,28,29,30,31,33,34,35,36,37,39} accuracy is 73.7%
	using feature(s) {1,2,3,6,7,8,9,10,11,13,14,16,18,19,22,23,24,25,26,28,29,30,31,33,34,35,36,37,39} accuracy is 73.3%
	using feature(s) {1,2,3,4,7,8,9,10,11,13,14,16,18,19,22,23,24,25,26,28,29,30,31,33,34,35,36,37,39} accuracy is 74.2%
	using feature(s) {1,2,3,4,6,8,9,10,11,13,14,16,18,19,22,23,24,25,26,28,29,30,31,33,34,35,36,37,39} accuracy is 73.8%
	using feature(s) {1,2,3,4,6,7,9,10,11,13,14,16,18,19,22,23,24,25,26,28,29,30,31,33,34,35,36,37,39} accuracy is 74%
	using feature(s) {1,2,3,4,6,7,8,10,11,13,14,16,18,19,22,23,24,25,26,28,29,30,31,33,34,35,36,37,39} accuracy is 72.1%
	using feature(s) {1,2,3,4,6,7,8,9,11,13,14,16,18,19,22,23,24,25,26,28,29,30,31,33,34,35,36,37,39} accuracy is 74.3%
	using feature(s) {1,2,3,4,6,7,8,9,10,13,14,16,18,19,22,23,24,25,26,28,29,30,31,33,34,35,36,37,39} accuracy is 73.9%
	using feature(s) {1,2,3,4,6,7,8,9,10,11,14,16,18,19,22,23,24,25,26,28,29,30,31,33,34,35,36,37,39} accuracy is 73.1%
	using feature(s) {1,2,3,4,6,7,8,9,10,11,13,16,18,19,22,23,24,25,26,28,29,30,31,33,34,35,36,37,39} accuracy is 74.3%
	using feature(s) {1,2,3,4,6,7,8,9,10,11,13,14,18,19,22,23,24,25,26,28,29,30,31,33,34,35,36,37,39} accuracy is 74.3%
	using feature(s) {1,2,3,4,6,7,8,9,10,11,13,14,16,19,22,23,24,25,26,28,29,30,31,33,34,35,36,37,39} accuracy is 75.4%
	using feature(s) {1,2,3,4,6,7,8,9,10,11,13,14,16,18,22,23,24,25,26,28,29,30,31,33,34,35,36,37,39} accuracy is 75.1%
	using feature(s) {1,2,3,4,6,7,8,9,10,11,13,14,16,18,19,23,24,25,26,28,29,30,31,33,34,35,36,37,39} accuracy is 74.6%
	using feature(s) {1,2,3,4,6,7,8,9,10,11,13,14,16,18,19,22,24,25,26,28,29,30,31,33,34,35,36,37,39} accuracy is 74%
	using feature(s) {1,2,3,4,6,7,8,9,10,11,13,14,16,18,19,22,23,25,26,28,29,30,31,33,34,35,36,37,39} accuracy is 74.6%
	using feature(s) {1,2,3,4,6,7,8,9,10,11,13,14,16,18,19,22,23,24,26,28,29,30,31,33,34,35,36,37,39} accuracy is 73.8%
	using feature(s) {1,2,3,4,6,7,8,9,10,11,13,14,16,18,19,22,23,24,25,28,29,30,31,33,34,35,36,37,39} accuracy is 73%
	using feature(s) {1,2,3,4,6,7,8,9,10,11,13,14,16,18,19,22,23,24,25,26,29,30,31,33,34,35,36,37,39} accuracy is 71.4%
	using feature(s) {1,2,3,4,6,7,8,9,10,11,13,14,16,18,19,22,23,24,25,26,28,30,31,33,34,35,36,37,39} accuracy is 73.2%
	using feature(s) {1,2,3,4,6,7,8,9,10,11,13,14,16,18,19,22,23,24,25,26,28,29,31,33,34,35,36,37,39} accuracy is 74%
	using feature(s) {1,2,3,4,6,7,8,9,10,11,13,14,16,18,19,22,23,24,25,26,28,29,30,33,34,35,36,37,39} accuracy is 73.1%
	using feature(s) {1,2,3,4,6,7,8,9,10,11,13,14,16,18,19,22,23,24,25,26,28,29,30,31,34,35,36,37,39} accuracy is 72.5%
	using feature(s) {1,2,3,4,6,7,8,9,10,11,13,14,16,18,19,22,23,24,25,26,28,29,30,31,33,35,36,37,39} accuracy is 73.6%
	using feature(s) {1,2,3,4,6,7,8,9,10,11,13,14,16,18,19,22,23,24,25,26,28,29,30,31,33,34,36,37,39} accuracy is 72.7%
	using feature(s) {1,2,3,4,6,7,8,9,10,11,13,14,16,18,19,22,23,24,25,26,28,29,30,31,33,34,35,37,39} accuracy is 74.2%
	using feature(s) {1,2,3,4,6,7,8,9,10,11,13,14,16,18,19,22,23,24,25,26,28,29,30,31,33,34,35,36,39} accuracy is 73.4%
	using feature(s) {1,2,3,4,6,7,8,9,10,11,13,14,16,18,19,22,23,24,25,26,28,29,30,31,33,34,35,36,37} accuracy is 75.5%

Feature set {1,2,3,4,6,7,8,9,10,11,13,14,16,18,19,22,23,24,25,26,28,29,30,31,33,34,35,36,37} was best, accuracy is 75.5%

	using feature(s) {2,3,4,6,7,8,9,10,11,13,14,16,18,19,22,23,24,25,26,28,29,30,31,33,34,35,36,37} accuracy is 74.3%
	using feature(s) {1,3,4,6,7,8,9,10,11,13,14,16,18,19,22,23,24,25,26,28,29,30,31,33,34,35,36,37} accuracy is 74.7%
	using feature(s) {1,2,4,6,7,8,9,10,11,13,14,16,18,19,22,23,24,25,26,28,29,30,31,33,34,35,36,37} accuracy is 74.6%
	using feature(s) {1,2,3,6,7,8,9,10,11,13,14,16,18,19,22,23,24,25,26,28,29,30,31,33,34,35,36,37} accuracy is 73.3%
	using feature(s) {1,2,3,4,7,8,9,10,11,13,14,16,18,19,22,23,24,25,26,28,29,30,31,33,34,35,36,37} accuracy is 75.6%
	using feature(s) {1,2,3,4,6,8,9,10,11,13,14,16,18,19,22,23,24,25,26,28,29,30,31,33,34,35,36,37} accuracy is 74.3%
	using feature(s) {1,2,3,4,6,7,9,10,11,13,14,16,18,19,22,23,24,25,26,28,29,30,31,33,34,35,36,37} accuracy is 74.4%
	using feature(s) {1,2,3,4,6,7,8,10,11,13,14,16,18,19,22,23,24,25,26,28,29,30,31,33,34,35,36,37} accuracy is 73.9%
	using feature(s) {1,2,3,4,6,7,8,9,11,13,14,16,18,19,22,23,24,25,26,28,29,30,31,33,34,35,36,37} accuracy is 75%
	using feature(s) {1,2,3,4,6,7,8,9,10,13,14,16,18,19,22,23,24,25,26,28,29,30,31,33,34,35,36,37} accuracy is 74.9%
	using feature(s) {1,2,3,4,6,7,8,9,10,11,14,16,18,19,22,23,24,25,26,28,29,30,31,33,34,35,36,37} accuracy is 73.7%
	using feature(s) {1,2,3,4,6,7,8,9,10,11,13,16,18,19,22,23,24,25,26,28,29,30,31,33,34,35,36,37} accuracy is 73.9%
	using feature(s) {1,2,3,4,6,7,8,9,10,11,13,14,18,19,22,23,24,25,26,28,29,30,31,33,34,35,36,37} accuracy is 75.6%
	using feature(s) {1,2,3,4,6,7,8,9,10,11,13,14,16,19,22,23,24,25,26,28,29,30,31,33,34,35,36,37} accuracy is 75.7%
	using feature(s) {1,2,3,4,6,7,8,9,10,11,13,14,16,18,22,23,24,25,26,28,29,30,31,33,34,35,36,37} accuracy is 75.3%
	using feature(s) {1,2,3,4,6,7,8,9,10,11,13,14,16,18,19,23,24,25,26,28,29,30,31,33,34,35,36,37} accuracy is 74.9%
	using feature(s) {1,2,3,4,6,7,8,9,10,11,13,14,16,18,19,22,24,25,26,28,29,30,31,33,34,35,36,37} accuracy is 73.8%
	using feature(s) {1,2,3,4,6,7,8,9,10,11,13,14,16,18,19,22,23,25,26,28,29,30,31,33,34,35,36,37} accuracy is 75.6%
	using feature(s) {1,2,3,4,6,7,8,9,10,11,13,14,16,18,19,22,23,24,26,28,29,30,31,33,34,35,36,37} accuracy is 74%
	using feature(s) {1,2,3,4,6,7,8,9,10,11,13,14,16,18,19,22,23,24,25,28,29,30,31,33,34,35,36,37} accuracy is 72.9%
	using feature(s) {1,2,3,4,6,7,8,9,10,11,13,14,16,18,19,22,23,24,25,26,29,30,31,33,34,35,36,37} accuracy is 73.1%
	using feature(s) {1,2,3,4,6,7,8,9,10,11,13,14,16,18,19,22,23,24,25,26,28,30,31,33,34,35,36,37} accuracy is 73.3%
	using feature(s) {1,2,3,4,6,7,8,9,10,11,13,14,16,18,19,22,23,24,25,26,28,29,31,33,34,35,36,37} accuracy is 74.3%
	using feature(s) {1,2,3,4,6,7,8,9,10,11,13,14,16,18,19,22,23,24,25,26,28,29,30,33,34,35,36,37} accuracy is 74.7%
	using feature(s) {1,2,3,4,6,7,8,9,10,11,13,14,16,18,19,22,23,24,25,26,28,29,30,31,34,35,36,37} accuracy is 73.2%
	using feature(s) {1,2,3,4,6,7,8,9,10,11,13,14,16,18,19,22,23,24,25,26,28,29,30,31,33,35,36,37} accuracy is 74.3%
	using feature(s) {1,2,3,4,6,7,8,9,10,11,13,14,16,18,19,22,23,24,25,26,28,29,30,31,33,34,36,37} accuracy is 73.9%
	using feature(s) {1,2,3,4,6,7,8,9,10,11,13,14,16,18,19,22,23,24,25,26,28,29,30,31,33,34,35,37} accuracy is 75.3%
	using feature(s) {1,2,3,4,6,7,8,9,10,11,13,14,16,18,19,22,23,24,25,26,28,29,30,31,33,34,35,36} accuracy is 73.9%

Feature set {1,2,3,4,6,7,8,9,10,11,13,14,16,19,22,23,24,25,26,28,29,30,31,33,34,35,36,37} was best, accuracy is 75.7%

	using feature(s) {2,3,4,6,7,8,9,10,11,13,14,16,19,22,23,24,25,26,28,29,30,31,33,34,35,36,37} accuracy is 74.3%
	using feature(s) {1,3,4,6,7,8,9,10,11,13,14,16,19,22,23,24,25,26,28,29,30,31,33,34,35,36,37} accuracy is 73.3%
	using feature(s) {1,2,4,6,7,8,9,10,11,13,14,16,19,22,23,24,25,26,28,29,30,31,33,34,35,36,37} accuracy is 75.2%
	using feature(s) {1,2,3,6,7,8,9,10,11,13,14,16,19,22,23,24,25,26,28,29,30,31,33,34,35,36,37} accuracy is 73.2%
	using feature(s) {1,2,3,4,7,8,9,10,11,13,14,16,19,22,23,24,25,26,28,29,30,31,33,34,35,36,37} accuracy is 72.7%
	using feature(s) {1,2,3,4,6,8,9,10,11,13,14,16,19,22,23,24,25,26,28,29,30,31,33,34,35,36,37} accuracy is 74.5%
	using feature(s) {1,2,3,4,6,7,9,10,11,13,14,16,19,22,23,24,25,26,28,29,30,31,33,34,35,36,37} accuracy is 73.3%
	using feature(s) {1,2,3,4,6,7,8,10,11,13,14,16,19,22,23,24,25,26,28,29,30,31,33,34,35,36,37} accuracy is 72.9%
	using feature(s) {1,2,3,4,6,7,8,9,11,13,14,16,19,22,23,24,25,26,28,29,30,31,33,34,35,36,37} accuracy is 73.2%
	using feature(s) {1,2,3,4,6,7,8,9,10,13,14,16,19,22,23,24,25,26,28,29,30,31,33,34,35,36,37} accuracy is 73.2%
	using feature(s) {1,2,3,4,6,7,8,9,10,11,14,16,19,22,23,24,25,26,28,29,30,31,33,34,35,36,37} accuracy is 73.6%
	using feature(s) {1,2,3,4,6,7,8,9,10,11,13,16,19,22,23,24,25,26,28,29,30,31,33,34,35,36,37} accuracy is 74.1%
	using feature(s) {1,2,3,4,6,7,8,9,10,11,13,14,19,22,23,24,25,26,28,29,30,31,33,34,35,36,37} accuracy is 73.5%
	using feature(s) {1,2,3,4,6,7,8,9,10,11,13,14,16,22,23,24,25,26,28,29,30,31,33,34,35,36,37} accuracy is 74.1%
	using feature(s) {1,2,3,4,6,7,8,9,10,11,13,14,16,19,23,24,25,26,28,29,30,31,33,34,35,36,37} accuracy is 73.9%
	using feature(s) {1,2,3,4,6,7,8,9,10,11,13,14,16,19,22,24,25,26,28,29,30,31,33,34,35,36,37} accuracy is 74.5%
	using feature(s) {1,2,3,4,6,7,8,9,10,11,13,14,16,19,22,23,25,26,28,29,30,31,33,34,35,36,37} accuracy is 73.6%
	using feature(s) {1,2,3,4,6,7,8,9,10,11,13,14,16,19,22,23,24,26,28,29,30,31,33,34,35,36,37} accuracy is 71.8%
	using feature(s) {1,2,3,4,6,7,8,9,10,11,13,14,16,19,22,23,24,25,28,29,30,31,33,34,35,36,37} accuracy is 72.3%
	using feature(s) {1,2,3,4,6,7,8,9,10,11,13,14,16,19,22,23,24,25,26,29,30,31,33,34,35,36,37} accuracy is 73.7%
	using feature(s) {1,2,3,4,6,7,8,9,10,11,13,14,16,19,22,23,24,25,26,28,30,31,33,34,35,36,37} accuracy is 73.5%
	using feature(s) {1,2,3,4,6,7,8,9,10,11,13,14,16,19,22,23,24,25,26,28,29,31,33,34,35,36,37} accuracy is 74.3%
	using feature(s) {1,2,3,4,6,7,8,9,10,11,13,14,16,19,22,23,24,25,26,28,29,30,33,34,35,36,37} accuracy is 74.1%
	using feature(s) {1,2,3,4,6,7,8,9,10,11,13,14,16,19,22,23,24,25,26,28,29,30,31,34,35,36,37} accuracy is 73.9%
	using feature(s) {1,2,3,4,6,7,8,9,10,11,13,14,16,19,22,23,24,25,26,28,29,30,31,33,35,36,37} accuracy is 73.8%
	using feature(s) {1,2,3,4,6,7,8,9,10,11,13,14,16,19,22,23,24,25,26,28,29,30,31,33,34,36,37} accuracy is 73.5%
	using feature(s) {1,2,3,4,6,7,8,9,10,11,13,14,16,19,22,23,24,25,26,28,29,30,31,33,34,35,37} accuracy is 74.5%
	using feature(s) {1,2,3,4,6,7,8,9,10,11,13,14,16,19,22,23,24,25,26,28,29,30,31,33,34,35,36} accuracy is 73.2%

Feature set {1,2,4,6,7,8,9,10,11,13,14,16,19,22,23,24,25,26,28,29,30,31,33,34,35,36,37} was best, accuracy is 75.2%

	using feature(s) {2,4,6,7,8,9,10,11,13,14,16,19,22,23,24,25,26,28,29,30,31,33,34,35,36,37} accuracy is 74.2%
	using feature(s) {1,4,6,7,8,9,10,11,13,14,16,19,22,23,24,25,26,28,29,30,31,33,34,35,36,37} accuracy is 73.2%
	using feature(s) {1,2,6,7,8,9,10,11,13,14,16,19,22,23,24,25,26,28,29,30,31,33,34,35,36,37} accuracy is 72.2%
	using feature(s) {1,2,4,7,8,9,10,11,13,14,16,19,22,23,24,25,26,28,29,30,31,33,34,35,36,37} accuracy is 72.4%
	using feature(s) {1,2,4,6,8,9,10,11,13,14,16,19,22,23,24,25,26,28,29,30,31,33,34,35,36,37} accuracy is 72.9%
	using feature(s) {1,2,4,6,7,9,10,11,13,14,16,19,22,23,24,25,26,28,29,30,31,33,34,35,36,37} accuracy is 73.9%
	using feature(s) {1,2,4,6,7,8,10,11,13,14,16,19,22,23,24,25,26,28,29,30,31,33,34,35,36,37} accuracy is 73.1%
	using feature(s) {1,2,4,6,7,8,9,11,13,14,16,19,22,23,24,25,26,28,29,30,31,33,34,35,36,37} accuracy is 73.5%
	using feature(s) {1,2,4,6,7,8,9,10,13,14,16,19,22,23,24,25,26,28,29,30,31,33,34,35,36,37} accuracy is 74%
	using feature(s) {1,2,4,6,7,8,9,10,11,14,16,19,22,23,24,25,26,28,29,30,31,33,34,35,36,37} accuracy is 74.9%
	using feature(s) {1,2,4,6,7,8,9,10,11,13,16,19,22,23,24,25,26,28,29,30,31,33,34,35,36,37} accuracy is 73.8%
	using feature(s) {1,2,4,6,7,8,9,10,11,13,14,19,22,23,24,25,26,28,29,30,31,33,34,35,36,37} accuracy is 73%
	using feature(s) {1,2,4,6,7,8,9,10,11,13,14,16,22,23,24,25,26,28,29,30,31,33,34,35,36,37} accuracy is 73.2%
	using feature(s) {1,2,4,6,7,8,9,10,11,13,14,16,19,23,24,25,26,28,29,30,31,33,34,35,36,37} accuracy is 73.2%
	using feature(s) {1,2,4,6,7,8,9,10,11,13,14,16,19,22,24,25,26,28,29,30,31,33,34,35,36,37} accuracy is 74.2%
	using feature(s) {1,2,4,6,7,8,9,10,11,13,14,16,19,22,23,25,26,28,29,30,31,33,34,35,36,37} accuracy is 74.1%
	using feature(s) {1,2,4,6,7,8,9,10,11,13,14,16,19,22,23,24,26,28,29,30,31,33,34,35,36,37} accuracy is 73%
	using feature(s) {1,2,4,6,7,8,9,10,11,13,14,16,19,22,23,24,25,28,29,30,31,33,34,35,36,37} accuracy is 72.9%
	using feature(s) {1,2,4,6,7,8,9,10,11,13,14,16,19,22,23,24,25,26,29,30,31,33,34,35,36,37} accuracy is 74.2%
	using feature(s) {1,2,4,6,7,8,9,10,11,13,14,16,19,22,23,24,25,26,28,30,31,33,34,35,36,37} accuracy is 73.1%
	using feature(s) {1,2,4,6,7,8,9,10,11,13,14,16,19,22,23,24,25,26,28,29,31,33,34,35,36,37} accuracy is 74.8%
	using feature(s) {1,2,4,6,7,8,9,10,11,13,14,16,19,22,23,24,25,26,28,29,30,33,34,35,36,37} accuracy is 72.8%
	using feature(s) {1,2,4,6,7,8,9,10,11,13,14,16,19,22,23,24,25,26,28,29,30,31,34,35,36,37} accuracy is 72.8%
	using feature(s) {1,2,4,6,7,8,9,10,11,13,14,16,19,22,23,24,25,26,28,29,30,31,33,35,36,37} accuracy is 73.5%
	using feature(s) {1,2,4,6,7,8,9,10,11,13,14,16,19,22,23,24,25,26,28,29,30,31,33,34,36,37} accuracy is 72.5%
	using feature(s) {1,2,4,6,7,8,9,10,11,13,14,16,19,22,23,24,25,26,28,29,30,31,33,34,35,37} accuracy is 73.9%
	using feature(s) {1,2,4,6,7,8,9,10,11,13,14,16,19,22,23,24,25,26,28,29,30,31,33,34,35,36} accuracy is 73.2%

Feature set {1,2,4,6,7,8,9,10,11,14,16,19,22,23,24,25,26,28,29,30,31,33,34,35,36,37} was best, accuracy is 74.9%

	using feature(s) {2,4,6,7,8,9,10,11,14,16,19,22,23,24,25,26,28,29,30,31,33,34,35,36,37} accuracy is 74.6%
	using feature(s) {1,4,6,7,8,9,10,11,14,16,19,22,23,24,25,26,28,29,30,31,33,34,35,36,37} accuracy is 73.4%
	using feature(s) {1,2,6,7,8,9,10,11,14,16,19,22,23,24,25,26,28,29,30,31,33,34,35,36,37} accuracy is 71.8%
	using feature(s) {1,2,4,7,8,9,10,11,14,16,19,22,23,24,25,26,28,29,30,31,33,34,35,36,37} accuracy is 74.4%
	using feature(s) {1,2,4,6,8,9,10,11,14,16,19,22,23,24,25,26,28,29,30,31,33,34,35,36,37} accuracy is 73.5%
	using feature(s) {1,2,4,6,7,9,10,11,14,16,19,22,23,24,25,26,28,29,30,31,33,34,35,36,37} accuracy is 73.5%
	using feature(s) {1,2,4,6,7,8,10,11,14,16,19,22,23,24,25,26,28,29,30,31,33,34,35,36,37} accuracy is 71.1%
	using feature(s) {1,2,4,6,7,8,9,11,14,16,19,22,23,24,25,26,28,29,30,31,33,34,35,36,37} accuracy is 73.4%
	using feature(s) {1,2,4,6,7,8,9,10,14,16,19,22,23,24,25,26,28,29,30,31,33,34,35,36,37} accuracy is 74%
	using feature(s) {1,2,4,6,7,8,9,10,11,16,19,22,23,24,25,26,28,29,30,31,33,34,35,36,37} accuracy is 74.2%
	using feature(s) {1,2,4,6,7,8,9,10,11,14,19,22,23,24,25,26,28,29,30,31,33,34,35,36,37} accuracy is 72.2%
	using feature(s) {1,2,4,6,7,8,9,10,11,14,16,22,23,24,25,26,28,29,30,31,33,34,35,36,37} accuracy is 74.3%
	using feature(s) {1,2,4,6,7,8,9,10,11,14,16,19,23,24,25,26,28,29,30,31,33,34,35,36,37} accuracy is 73.5%
	using feature(s) {1,2,4,6,7,8,9,10,11,14,16,19,22,24,25,26,28,29,30,31,33,34,35,36,37} accuracy is 73%
	using feature(s) {1,2,4,6,7,8,9,10,11,14,16,19,22,23,25,26,28,29,30,31,33,34,35,36,37} accuracy is 74.3%
	using feature(s) {1,2,4,6,7,8,9,10,11,14,16,19,22,23,24,26,28,29,30,31,33,34,35,36,37} accuracy is 73.5%
	using feature(s) {1,2,4,6,7,8,9,10,11,14,16,19,22,23,24,25,28,29,30,31,33,34,35,36,37} accuracy is 72.1%
	using feature(s) {1,2,4,6,7,8,9,10,11,14,16,19,22,23,24,25,26,29,30,31,33,34,35,36,37} accuracy is 73.8%
	using feature(s) {1,2,4,6,7,8,9,10,11,14,16,19,22,23,24,25,26,28,30,31,33,34,35,36,37} accuracy is 72.8%
	using feature(s) {1,2,4,6,7,8,9,10,11,14,16,19,22,23,24,25,26,28,29,31,33,34,35,36,37} accuracy is 74.6%
	using feature(s) {1,2,4,6,7,8,9,10,11,14,16,19,22,23,24,25,26,28,29,30,33,34,35,36,37} accuracy is 72.6%
	using feature(s) {1,2,4,6,7,8,9,10,11,14,16,19,22,23,24,25,26,28,29,30,31,34,35,36,37} accuracy is 72.9%
	using feature(s) {1,2,4,6,7,8,9,10,11,14,16,19,22,23,24,25,26,28,29,30,31,33,35,36,37} accuracy is 72.3%
	using feature(s) {1,2,4,6,7,8,9,10,11,14,16,19,22,23,24,25,26,28,29,30,31,33,34,36,37} accuracy is 72.2%
	using feature(s) {1,2,4,6,7,8,9,10,11,14,16,19,22,23,24,25,26,28,29,30,31,33,34,35,37} accuracy is 74.4%
	using feature(s) {1,2,4,6,7,8,9,10,11,14,16,19,22,23,24,25,26,28,29,30,31,33,34,35,36} accuracy is 73.1%

Feature set {2,4,6,7,8,9,10,11,14,16,19,22,23,24,25,26,28,29,30,31,33,34,35,36,37} was best, accuracy is 74.6%

	using feature(s) {4,6,7,8,9,10,11,14,16,19,22,23,24,25,26,28,29,30,31,33,34,35,36,37} accuracy is 74.5%
	using feature(s) {2,6,7,8,9,10,11,14,16,19,22,23,24,25,26,28,29,30,31,33,34,35,36,37} accuracy is 73.5%
	using feature(s) {2,4,7,8,9,10,11,14,16,19,22,23,24,25,26,28,29,30,31,33,34,35,36,37} accuracy is 74.3%
	using feature(s) {2,4,6,8,9,10,11,14,16,19,22,23,24,25,26,28,29,30,31,33,34,35,36,37} accuracy is 74.7%
	using feature(s) {2,4,6,7,9,10,11,14,16,19,22,23,24,25,26,28,29,30,31,33,34,35,36,37} accuracy is 73.5%
	using feature(s) {2,4,6,7,8,10,11,14,16,19,22,23,24,25,26,28,29,30,31,33,34,35,36,37} accuracy is 72.1%
	using feature(s) {2,4,6,7,8,9,11,14,16,19,22,23,24,25,26,28,29,30,31,33,34,35,36,37} accuracy is 74.3%
	using feature(s) {2,4,6,7,8,9,10,14,16,19,22,23,24,25,26,28,29,30,31,33,34,35,36,37} accuracy is 73.8%
	using feature(s) {2,4,6,7,8,9,10,11,16,19,22,23,24,25,26,28,29,30,31,33,34,35,36,37} accuracy is 73.2%
	using feature(s) {2,4,6,7,8,9,10,11,14,19,22,23,24,25,26,28,29,30,31,33,34,35,36,37} accuracy is 72.9%
	using feature(s) {2,4,6,7,8,9,10,11,14,16,22,23,24,25,26,28,29,30,31,33,34,35,36,37} accuracy is 75.2%
	using feature(s) {2,4,6,7,8,9,10,11,14,16,19,23,24,25,26,28,29,30,31,33,34,35,36,37} accuracy is 73.8%
	using feature(s) {2,4,6,7,8,9,10,11,14,16,19,22,24,25,26,28,29,30,31,33,34,35,36,37} accuracy is 72.8%
	using feature(s) {2,4,6,7,8,9,10,11,14,16,19,22,23,25,26,28,29,30,31,33,34,35,36,37} accuracy is 75%
	using feature(s) {2,4,6,7,8,9,10,11,14,16,19,22,23,24,26,28,29,30,31,33,34,35,36,37} accuracy is 74.5%
	using feature(s) {2,4,6,7,8,9,10,11,14,16,19,22,23,24,25,28,29,30,31,33,34,35,36,37} accuracy is 72%
	using feature(s) {2,4,6,7,8,9,10,11,14,16,19,22,23,24,25,26,29,30,31,33,34,35,36,37} accuracy is 74.5%
	using feature(s) {2,4,6,7,8,9,10,11,14,16,19,22,23,24,25,26,28,30,31,33,34,35,36,37} accuracy is 73.3%
	using feature(s) {2,4,6,7,8,9,10,11,14,16,19,22,23,24,25,26,28,29,31,33,34,35,36,37} accuracy is 73.7%
	using feature(s) {2,4,6,7,8,9,10,11,14,16,19,22,23,24,25,26,28,29,30,33,34,35,36,37} accuracy is 74%
	using feature(s) {2,4,6,7,8,9,10,11,14,16,19,22,23,24,25,26,28,29,30,31,34,35,36,37} accuracy is 72.7%
	using feature(s) {2,4,6,7,8,9,10,11,14,16,19,22,23,24,25,26,28,29,30,31,33,35,36,37} accuracy is 74.2%
	using feature(s) {2,4,6,7,8,9,10,11,14,16,19,22,23,24,25,26,28,29,30,31,33,34,36,37} accuracy is 72.7%
	using feature(s) {2,4,6,7,8,9,10,11,14,16,19,22,23,24,25,26,28,29,30,31,33,34,35,37} accuracy is 74.4%
	using feature(s) {2,4,6,7,8,9,10,11,14,16,19,22,23,24,25,26,28,29,30,31,33,34,35,36} accuracy is 73.8%

Feature set {2,4,6,7,8,9,10,11,14,16,22,23,24,25,26,28,29,30,31,33,34,35,36,37} was best, accuracy is 75.2%

	using feature(s) {4,6,7,8,9,10,11,14,16,22,23,24,25,26,28,29,30,31,33,34,35,36,37} accuracy is 74.1%
	using feature(s) {2,6,7,8,9,10,11,14,16,22,23,24,25,26,28,29,30,31,33,34,35,36,37} accuracy is 74.2%
	using feature(s) {2,4,7,8,9,10,11,14,16,22,23,24,25,26,28,29,30,31,33,34,35,36,37} accuracy is 75.4%
	using feature(s) {2,4,6,8,9,10,11,14,16,22,23,24,25,26,28,29,30,31,33,34,35,36,37} accuracy is 73.3%
	using feature(s) {2,4,6,7,9,10,11,14,16,22,23,24,25,26,28,29,30,31,33,34,35,36,37} accuracy is 74.4%
	using feature(s) {2,4,6,7,8,10,11,14,16,22,23,24,25,26,28,29,30,31,33,34,35,36,37} accuracy is 72.9%
	using feature(s) {2,4,6,7,8,9,11,14,16,22,23,24,25,26,28,29,30,31,33,34,35,36,37} accuracy is 74.6%
	using feature(s) {2,4,6,7,8,9,10,14,16,22,23,24,25,26,28,29,30,31,33,34,35,36,37} accuracy is 74.1%
	using feature(s) {2,4,6,7,8,9,10,11,16,22,23,24,25,26,28,29,30,31,33,34,35,36,37} accuracy is 74%
	using feature(s) {2,4,6,7,8,9,10,11,14,22,23,24,25,26,28,29,30,31,33,34,35,36,37} accuracy is 74.3%
	using feature(s) {2,4,6,7,8,9,10,11,14,16,23,24,25,26,28,29,30,31,33,34,35,36,37} accuracy is 74.9%
	using feature(s) {2,4,6,7,8,9,10,11,14,16,22,24,25,26,28,29,30,31,33,34,35,36,37} accuracy is 75.2%
	using feature(s) {2,4,6,7,8,9,10,11,14,16,22,23,25,26,28,29,30,31,33,34,35,36,37} accuracy is 75%
	using feature(s) {2,4,6,7,8,9,10,11,14,16,22,23,24,26,28,29,30,31,33,34,35,36,37} accuracy is 75.4%
	using feature(s) {2,4,6,7,8,9,10,11,14,16,22,23,24,25,28,29,30,31,33,34,35,36,37} accuracy is 72.4%
	using feature(s) {2,4,6,7,8,9,10,11,14,16,22,23,24,25,26,29,30,31,33,34,35,36,37} accuracy is 75.3%
	using feature(s) {2,4,6,7,8,9,10,11,14,16,22,23,24,25,26,28,30,31,33,34,35,36,37} accuracy is 73%
	using feature(s) {2,4,6,7,8,9,10,11,14,16,22,23,24,25,26,28,29,31,33,34,35,36,37} accuracy is 73.7%
	using feature(s) {2,4,6,7,8,9,10,11,14,16,22,23,24,25,26,28,29,30,33,34,35,36,37} accuracy is 74.9%
	using feature(s) {2,4,6,7,8,9,10,11,14,16,22,23,24,25,26,28,29,30,31,34,35,36,37} accuracy is 74.5%
	using feature(s) {2,4,6,7,8,9,10,11,14,16,22,23,24,25,26,28,29,30,31,33,35,36,37} accuracy is 74.3%
	using feature(s) {2,4,6,7,8,9,10,11,14,16,22,23,24,25,26,28,29,30,31,33,34,36,37} accuracy is 73.2%
	using feature(s) {2,4,6,7,8,9,10,11,14,16,22,23,24,25,26,28,29,30,31,33,34,35,37} accuracy is 75.3%
	using feature(s) {2,4,6,7,8,9,10,11,14,16,22,23,24,25,26,28,29,30,31,33,34,35,36} accuracy is 74.5%

Feature set {2,4,7,8,9,10,11,14,16,22,23,24,25,26,28,29,30,31,33,34,35,36,37} was best, accuracy is 75.4%

	using feature(s) {4,7,8,9,10,11,14,16,22,23,24,25,26,28,29,30,31,33,34,35,36,37} accuracy is 75.2%
	using feature(s) {2,7,8,9,10,11,14,16,22,23,24,25,26,28,29,30,31,33,34,35,36,37} accuracy is 72.7%
	using feature(s) {2,4,8,9,10,11,14,16,22,23,24,25,26,28,29,30,31,33,34,35,36,37} accuracy is 74%
	using feature(s) {2,4,7,9,10,11,14,16,22,23,24,25,26,28,29,30,31,33,34,35,36,37} accuracy is 74%
	using feature(s) {2,4,7,8,10,11,14,16,22,23,24,25,26,28,29,30,31,33,34,35,36,37} accuracy is 73.7%
	using feature(s) {2,4,7,8,9,11,14,16,22,23,24,25,26,28,29,30,31,33,34,35,36,37} accuracy is 74.5%
	using feature(s) {2,4,7,8,9,10,14,16,22,23,24,25,26,28,29,30,31,33,34,35,36,37} accuracy is 74.9%
	using feature(s) {2,4,7,8,9,10,11,16,22,23,24,25,26,28,29,30,31,33,34,35,36,37} accuracy is 74.9%
	using feature(s) {2,4,7,8,9,10,11,14,22,23,24,25,26,28,29,30,31,33,34,35,36,37} accuracy is 74.2%
	using feature(s) {2,4,7,8,9,10,11,14,16,23,24,25,26,28,29,30,31,33,34,35,36,37} accuracy is 74.6%
	using feature(s) {2,4,7,8,9,10,11,14,16,22,24,25,26,28,29,30,31,33,34,35,36,37} accuracy is 75.4%
	using feature(s) {2,4,7,8,9,10,11,14,16,22,23,25,26,28,29,30,31,33,34,35,36,37} accuracy is 74%
	using feature(s) {2,4,7,8,9,10,11,14,16,22,23,24,26,28,29,30,31,33,34,35,36,37} accuracy is 74.4%
	using feature(s) {2,4,7,8,9,10,11,14,16,22,23,24,25,28,29,30,31,33,34,35,36,37} accuracy is 72.8%
	using feature(s) {2,4,7,8,9,10,11,14,16,22,23,24,25,26,29,30,31,33,34,35,36,37} accuracy is 76.3%
	using feature(s) {2,4,7,8,9,10,11,14,16,22,23,24,25,26,28,30,31,33,34,35,36,37} accuracy is 74%
	using feature(s) {2,4,7,8,9,10,11,14,16,22,23,24,25,26,28,29,31,33,34,35,36,37} accuracy is 73.3%
	using feature(s) {2,4,7,8,9,10,11,14,16,22,23,24,25,26,28,29,30,33,34,35,36,37} accuracy is 75.7%
	using feature(s) {2,4,7,8,9,10,11,14,16,22,23,24,25,26,28,29,30,31,34,35,36,37} accuracy is 74.3%
	using feature(s) {2,4,7,8,9,10,11,14,16,22,23,24,25,26,28,29,30,31,33,35,36,37} accuracy is 73.3%
	using feature(s) {2,4,7,8,9,10,11,14,16,22,23,24,25,26,28,29,30,31,33,34,36,37} accuracy is 74.1%
	using feature(s) {2,4,7,8,9,10,11,14,16,22,23,24,25,26,28,29,30,31,33,34,35,37} accuracy is 75%
	using feature(s) {2,4,7,8,9,10,11,14,16,22,23,24,25,26,28,29,30,31,33,34,35,36} accuracy is 74%

Feature set {2,4,7,8,9,10,11,14,16,22,23,24,25,26,29,30,31,33,34,35,36,37} was best, accuracy is 76.3%

	using feature(s) {4,7,8,9,10,11,14,16,22,23,24,25,26,29,30,31,33,34,35,36,37} accuracy is 75.8%
	using feature(s) {2,7,8,9,10,11,14,16,22,23,24,25,26,29,30,31,33,34,35,36,37} accuracy is 74.7%
	using feature(s) {2,4,8,9,10,11,14,16,22,23,24,25,26,29,30,31,33,34,35,36,37} accuracy is 73.3%
	using feature(s) {2,4,7,9,10,11,14,16,22,23,24,25,26,29,30,31,33,34,35,36,37} accuracy is 74.1%
	using feature(s) {2,4,7,8,10,11,14,16,22,23,24,25,26,29,30,31,33,34,35,36,37} accuracy is 73.5%
	using feature(s) {2,4,7,8,9,11,14,16,22,23,24,25,26,29,30,31,33,34,35,36,37} accuracy is 74.3%
	using feature(s) {2,4,7,8,9,10,14,16,22,23,24,25,26,29,30,31,33,34,35,36,37} accuracy is 75.5%
	using feature(s) {2,4,7,8,9,10,11,16,22,23,24,25,26,29,30,31,33,34,35,36,37} accuracy is 75%
	using feature(s) {2,4,7,8,9,10,11,14,22,23,24,25,26,29,30,31,33,34,35,36,37} accuracy is 74%
	using feature(s) {2,4,7,8,9,10,11,14,16,23,24,25,26,29,30,31,33,34,35,36,37} accuracy is 75.6%
	using feature(s) {2,4,7,8,9,10,11,14,16,22,24,25,26,29,30,31,33,34,35,36,37} accuracy is 75%
	using feature(s) {2,4,7,8,9,10,11,14,16,22,23,25,26,29,30,31,33,34,35,36,37} accuracy is 73.8%
	using feature(s) {2,4,7,8,9,10,11,14,16,22,23,24,26,29,30,31,33,34,35,36,37} accuracy is 73.9%
	using feature(s) {2,4,7,8,9,10,11,14,16,22,23,24,25,29,30,31,33,34,35,36,37} accuracy is 73.9%
	using feature(s) {2,4,7,8,9,10,11,14,16,22,23,24,25,26,30,31,33,34,35,36,37} accuracy is 75%
	using feature(s) {2,4,7,8,9,10,11,14,16,22,23,24,25,26,29,31,33,34,35,36,37} accuracy is 75.1%
	using feature(s) {2,4,7,8,9,10,11,14,16,22,23,24,25,26,29,30,33,34,35,36,37} accuracy is 74.7%
	using feature(s) {2,4,7,8,9,10,11,14,16,22,23,24,25,26,29,30,31,34,35,36,37} accuracy is 74.7%
	using feature(s) {2,4,7,8,9,10,11,14,16,22,23,24,25,26,29,30,31,33,35,36,37} accuracy is 73.9%
	using feature(s) {2,4,7,8,9,10,11,14,16,22,23,24,25,26,29,30,31,33,34,36,37} accuracy is 75.4%
	using feature(s) {2,4,7,8,9,10,11,14,16,22,23,24,25,26,29,30,31,33,34,35,37} accuracy is 75.1%
	using feature(s) {2,4,7,8,9,10,11,14,16,22,23,24,25,26,29,30,31,33,34,35,36} accuracy is 73.9%

Feature set {4,7,8,9,10,11,14,16,22,23,24,25,26,29,30,31,33,34,35,36,37} was best, accuracy is 75.8%

	using feature(s) {7,8,9,10,11,14,16,22,23,24,25,26,29,30,31,33,34,35,36,37} accuracy is 74.6%
	using feature(s) {4,8,9,10,11,14,16,22,23,24,25,26,29,30,31,33,34,35,36,37} accuracy is 73.7%
	using feature(s) {4,7,9,10,11,14,16,22,23,24,25,26,29,30,31,33,34,35,36,37} accuracy is 74.5%
	using feature(s) {4,7,8,10,11,14,16,22,23,24,25,26,29,30,31,33,34,35,36,37} accuracy is 73%
	using feature(s) {4,7,8,9,11,14,16,22,23,24,25,26,29,30,31,33,34,35,36,37} accuracy is 74.7%
	using feature(s) {4,7,8,9,10,14,16,22,23,24,25,26,29,30,31,33,34,35,36,37} accuracy is 74.1%
	using feature(s) {4,7,8,9,10,11,16,22,23,24,25,26,29,30,31,33,34,35,36,37} accuracy is 74.5%
	using feature(s) {4,7,8,9,10,11,14,22,23,24,25,26,29,30,31,33,34,35,36,37} accuracy is 74.5%
	using feature(s) {4,7,8,9,10,11,14,16,23,24,25,26,29,30,31,33,34,35,36,37} accuracy is 75.1%
	using feature(s) {4,7,8,9,10,11,14,16,22,24,25,26,29,30,31,33,34,35,36,37} accuracy is 74%
	using feature(s) {4,7,8,9,10,11,14,16,22,23,25,26,29,30,31,33,34,35,36,37} accuracy is 73.7%
	using feature(s) {4,7,8,9,10,11,14,16,22,23,24,26,29,30,31,33,34,35,36,37} accuracy is 73.1%
	using feature(s) {4,7,8,9,10,11,14,16,22,23,24,25,29,30,31,33,34,35,36,37} accuracy is 73.1%
	using feature(s) {4,7,8,9,10,11,14,16,22,23,24,25,26,30,31,33,34,35,36,37} accuracy is 75.6%
	using feature(s) {4,7,8,9,10,11,14,16,22,23,24,25,26,29,31,33,34,35,36,37} accuracy is 75.5%
	using feature(s) {4,7,8,9,10,11,14,16,22,23,24,25,26,29,30,33,34,35,36,37} accuracy is 75.2%
	using feature(s) {4,7,8,9,10,11,14,16,22,23,24,25,26,29,30,31,34,35,36,37} accuracy is 73.3%
	using feature(s) {4,7,8,9,10,11,14,16,22,23,24,25,26,29,30,31,33,35,36,37} accuracy is 73.3%
	using feature(s) {4,7,8,9,10,11,14,16,22,23,24,25,26,29,30,31,33,34,36,37} accuracy is 75%
	using feature(s) {4,7,8,9,10,11,14,16,22,23,24,25,26,29,30,31,33,34,35,37} accuracy is 74.6%
	using feature(s) {4,7,8,9,10,11,14,16,22,23,24,25,26,29,30,31,33,34,35,36} accuracy is 73.6%

Feature set {4,7,8,9,10,11,14,16,22,23,24,25,26,30,31,33,34,35,36,37} was best, accuracy is 75.6%

	using feature(s) {7,8,9,10,11,14,16,22,23,24,25,26,30,31,33,34,35,36,37} accuracy is 73.9%
	using feature(s) {4,8,9,10,11,14,16,22,23,24,25,26,30,31,33,34,35,36,37} accuracy is 73.7%
	using feature(s) {4,7,9,10,11,14,16,22,23,24,25,26,30,31,33,34,35,36,37} accuracy is 72.1%
	using feature(s) {4,7,8,10,11,14,16,22,23,24,25,26,30,31,33,34,35,36,37} accuracy is 72.1%
	using feature(s) {4,7,8,9,11,14,16,22,23,24,25,26,30,31,33,34,35,36,37} accuracy is 75.7%
	using feature(s) {4,7,8,9,10,14,16,22,23,24,25,26,30,31,33,34,35,36,37} accuracy is 74.6%
	using feature(s) {4,7,8,9,10,11,16,22,23,24,25,26,30,31,33,34,35,36,37} accuracy is 74.7%
	using feature(s) {4,7,8,9,10,11,14,22,23,24,25,26,30,31,33,34,35,36,37} accuracy is 74.3%
	using feature(s) {4,7,8,9,10,11,14,16,23,24,25,26,30,31,33,34,35,36,37} accuracy is 72.8%
	using feature(s) {4,7,8,9,10,11,14,16,22,24,25,26,30,31,33,34,35,36,37} accuracy is 73.6%
	using feature(s) {4,7,8,9,10,11,14,16,22,23,25,26,30,31,33,34,35,36,37} accuracy is 73.2%
	using feature(s) {4,7,8,9,10,11,14,16,22,23,24,26,30,31,33,34,35,36,37} accuracy is 73.3%
	using feature(s) {4,7,8,9,10,11,14,16,22,23,24,25,30,31,33,34,35,36,37} accuracy is 72.3%
	using feature(s) {4,7,8,9,10,11,14,16,22,23,24,25,26,31,33,34,35,36,37} accuracy is 75.6%
	using feature(s) {4,7,8,9,10,11,14,16,22,23,24,25,26,30,33,34,35,36,37} accuracy is 73.5%
	using feature(s) {4,7,8,9,10,11,14,16,22,23,24,25,26,30,31,34,35,36,37} accuracy is 73%
	using feature(s) {4,7,8,9,10,11,14,16,22,23,24,25,26,30,31,33,35,36,37} accuracy is 72.3%
	using feature(s) {4,7,8,9,10,11,14,16,22,23,24,25,26,30,31,33,34,36,37} accuracy is 74.8%
	using feature(s) {4,7,8,9,10,11,14,16,22,23,24,25,26,30,31,33,34,35,37} accuracy is 73.9%
	using feature(s) {4,7,8,9,10,11,14,16,22,23,24,25,26,30,31,33,34,35,36} accuracy is 74.4%

Feature set {4,7,8,9,11,14,16,22,23,24,25,26,30,31,33,34,35,36,37} was best, accuracy is 75.7%

	using feature(s) {7,8,9,11,14,16,22,23,24,25,26,30,31,33,34,35,36,37} accuracy is 72.9%
	using feature(s) {4,8,9,11,14,16,22,23,24,25,26,30,31,33,34,35,36,37} accuracy is 75%
	using feature(s) {4,7,9,11,14,16,22,23,24,25,26,30,31,33,34,35,36,37} accuracy is 74%
	using feature(s) {4,7,8,11,14,16,22,23,24,25,26,30,31,33,34,35,36,37} accuracy is 73.7%
	using feature(s) {4,7,8,9,14,16,22,23,24,25,26,30,31,33,34,35,36,37} accuracy is 75.1%
	using feature(s) {4,7,8,9,11,16,22,23,24,25,26,30,31,33,34,35,36,37} accuracy is 75%
	using feature(s) {4,7,8,9,11,14,22,23,24,25,26,30,31,33,34,35,36,37} accuracy is 75%
	using feature(s) {4,7,8,9,11,14,16,23,24,25,26,30,31,33,34,35,36,37} accuracy is 74.3%
	using feature(s) {4,7,8,9,11,14,16,22,24,25,26,30,31,33,34,35,36,37} accuracy is 72.9%
	using feature(s) {4,7,8,9,11,14,16,22,23,25,26,30,31,33,34,35,36,37} accuracy is 74.3%
	using feature(s) {4,7,8,9,11,14,16,22,23,24,26,30,31,33,34,35,36,37} accuracy is 73.3%
	using feature(s) {4,7,8,9,11,14,16,22,23,24,25,30,31,33,34,35,36,37} accuracy is 73.4%
	using feature(s) {4,7,8,9,11,14,16,22,23,24,25,26,31,33,34,35,36,37} accuracy is 74.7%
	using feature(s) {4,7,8,9,11,14,16,22,23,24,25,26,30,33,34,35,36,37} accuracy is 72.1%
	using feature(s) {4,7,8,9,11,14,16,22,23,24,25,26,30,31,34,35,36,37} accuracy is 73.1%
	using feature(s) {4,7,8,9,11,14,16,22,23,24,25,26,30,31,33,35,36,37} accuracy is 74.8%
	using feature(s) {4,7,8,9,11,14,16,22,23,24,25,26,30,31,33,34,36,37} accuracy is 75.1%
	using feature(s) {4,7,8,9,11,14,16,22,23,24,25,26,30,31,33,34,35,37} accuracy is 73.7%
	using feature(s) {4,7,8,9,11,14,16,22,23,24,25,26,30,31,33,34,35,36} accuracy is 73.9%

Feature set {4,7,8,9,14,16,22,23,24,25,26,30,31,33,34,35,36,37} was best, accuracy is 75.1%

	using feature(s) {7,8,9,14,16,22,23,24,25,26,30,31,33,34,35,36,37} accuracy is 72.1%
	using feature(s) {4,8,9,14,16,22,23,24,25,26,30,31,33,34,35,36,37} accuracy is 75%
	using feature(s) {4,7,9,14,16,22,23,24,25,26,30,31,33,34,35,36,37} accuracy is 74%
	using feature(s) {4,7,8,14,16,22,23,24,25,26,30,31,33,34,35,36,37} accuracy is 73.5%
	using feature(s) {4,7,8,9,16,22,23,24,25,26,30,31,33,34,35,36,37} accuracy is 75.2%
	using feature(s) {4,7,8,9,14,22,23,24,25,26,30,31,33,34,35,36,37} accuracy is 74.7%
	using feature(s) {4,7,8,9,14,16,23,24,25,26,30,31,33,34,35,36,37} accuracy is 75.1%
	using feature(s) {4,7,8,9,14,16,22,24,25,26,30,31,33,34,35,36,37} accuracy is 71.6%
	using feature(s) {4,7,8,9,14,16,22,23,25,26,30,31,33,34,35,36,37} accuracy is 75.4%
	using feature(s) {4,7,8,9,14,16,22,23,24,26,30,31,33,34,35,36,37} accuracy is 75%
	using feature(s) {4,7,8,9,14,16,22,23,24,25,30,31,33,34,35,36,37} accuracy is 73.5%
	using feature(s) {4,7,8,9,14,16,22,23,24,25,26,31,33,34,35,36,37} accuracy is 74.3%
	using feature(s) {4,7,8,9,14,16,22,23,24,25,26,30,33,34,35,36,37} accuracy is 73.8%
	using feature(s) {4,7,8,9,14,16,22,23,24,25,26,30,31,34,35,36,37} accuracy is 74%
	using feature(s) {4,7,8,9,14,16,22,23,24,25,26,30,31,33,35,36,37} accuracy is 74.4%
	using feature(s) {4,7,8,9,14,16,22,23,24,25,26,30,31,33,34,36,37} accuracy is 75%
	using feature(s) {4,7,8,9,14,16,22,23,24,25,26,30,31,33,34,35,37} accuracy is 73.7%
	using feature(s) {4,7,8,9,14,16,22,23,24,25,26,30,31,33,34,35,36} accuracy is 74.7%

Feature set {4,7,8,9,14,16,22,23,25,26,30,31,33,34,35,36,37} was best, accuracy is 75.4%

	using feature(s) {7,8,9,14,16,22,23,25,26,30,31,33,34,35,36,37} accuracy is 73.3%
	using feature(s) {4,8,9,14,16,22,23,25,26,30,31,33,34,35,36,37} accuracy is 75.5%
	using feature(s) {4,7,9,14,16,22,23,25,26,30,31,33,34,35,36,37} accuracy is 75%
	using feature(s) {4,7,8,14,16,22,23,25,26,30,31,33,34,35,36,37} accuracy is 73.7%
	using feature(s) {4,7,8,9,16,22,23,25,26,30,31,33,34,35,36,37} accuracy is 75.2%
	using feature(s) {4,7,8,9,14,22,23,25,26,30,31,33,34,35,36,37} accuracy is 74.9%
	using feature(s) {4,7,8,9,14,16,23,25,26,30,31,33,34,35,36,37} accuracy is 74.3%
	using feature(s) {4,7,8,9,14,16,22,25,26,30,31,33,34,35,36,37} accuracy is 73.6%
	using feature(s) {4,7,8,9,14,16,22,23,26,30,31,33,34,35,36,37} accuracy is 74.9%
	using feature(s) {4,7,8,9,14,16,22,23,25,30,31,33,34,35,36,37} accuracy is 72.7%
	using feature(s) {4,7,8,9,14,16,22,23,25,26,31,33,34,35,36,37} accuracy is 75.5%
	using feature(s) {4,7,8,9,14,16,22,23,25,26,30,33,34,35,36,37} accuracy is 74.9%
	using feature(s) {4,7,8,9,14,16,22,23,25,26,30,31,34,35,36,37} accuracy is 75.2%
	using feature(s) {4,7,8,9,14,16,22,23,25,26,30,31,33,35,36,37} accuracy is 75.4%
	using feature(s) {4,7,8,9,14,16,22,23,25,26,30,31,33,34,36,37} accuracy is 76.3%
	using feature(s) {4,7,8,9,14,16,22,23,25,26,30,31,33,34,35,37} accuracy is 74.6%
	using feature(s) {4,7,8,9,14,16,22,23,25,26,30,31,33,34,35,36} accuracy is 75.5%

Feature set {4,7,8,9,14,16,22,23,25,26,30,31,33,34,36,37} was best, accuracy is 76.3%

	using feature(s) {7,8,9,14,16,22,23,25,26,30,31,33,34,36,37} accuracy is 73.9%
	using feature(s) {4,8,9,14,16,22,23,25,26,30,31,33,34,36,37} accuracy is 75%
	using feature(s) {4,7,9,14,16,22,23,25,26,30,31,33,34,36,37} accuracy is 75.3%
	using feature(s) {4,7,8,14,16,22,23,25,26,30,31,33,34,36,37} accuracy is 73.9%
	using feature(s) {4,7,8,9,16,22,23,25,26,30,31,33,34,36,37} accuracy is 75.3%
	using feature(s) {4,7,8,9,14,22,23,25,26,30,31,33,34,36,37} accuracy is 74.8%
	using feature(s) {4,7,8,9,14,16,23,25,26,30,31,33,34,36,37} accuracy is 75.6%
	using feature(s) {4,7,8,9,14,16,22,25,26,30,31,33,34,36,37} accuracy is 74.3%
	using feature(s) {4,7,8,9,14,16,22,23,26,30,31,33,34,36,37} accuracy is 75.6%
	using feature(s) {4,7,8,9,14,16,22,23,25,30,31,33,34,36,37} accuracy is 71.4%
	using feature(s) {4,7,8,9,14,16,22,23,25,26,31,33,34,36,37} accuracy is 73.7%
	using feature(s) {4,7,8,9,14,16,22,23,25,26,30,33,34,36,37} accuracy is 74.5%
	using feature(s) {4,7,8,9,14,16,22,23,25,26,30,31,34,36,37} accuracy is 75.5%
	using feature(s) {4,7,8,9,14,16,22,23,25,26,30,31,33,36,37} accuracy is 75.3%
	using feature(s) {4,7,8,9,14,16,22,23,25,26,30,31,33,34,37} accuracy is 73.2%
	using feature(s) {4,7,8,9,14,16,22,23,25,26,30,31,33,34,36} accuracy is 75%

Feature set {4,7,8,9,14,16,23,25,26,30,31,33,34,36,37} was best, accuracy is 75.6%

	using feature(s) {7,8,9,14,16,23,25,26,30,31,33,34,36,37} accuracy is 74.1%
	using feature(s) {4,8,9,14,16,23,25,26,30,31,33,34,36,37} accuracy is 74.9%
	using feature(s) {4,7,9,14,16,23,25,26,30,31,33,34,36,37} accuracy is 75.2%
	using feature(s) {4,7,8,14,16,23,25,26,30,31,33,34,36,37} accuracy is 74.1%
	using feature(s) {4,7,8,9,16,23,25,26,30,31,33,34,36,37} accuracy is 75.4%
	using feature(s) {4,7,8,9,14,23,25,26,30,31,33,34,36,37} accuracy is 75.4%
	using feature(s) {4,7,8,9,14,16,25,26,30,31,33,34,36,37} accuracy is 74.7%
	using feature(s) {4,7,8,9,14,16,23,26,30,31,33,34,36,37} accuracy is 73.4%
	using feature(s) {4,7,8,9,14,16,23,25,30,31,33,34,36,37} accuracy is 72.1%
	using feature(s) {4,7,8,9,14,16,23,25,26,31,33,34,36,37} accuracy is 74.2%
	using feature(s) {4,7,8,9,14,16,23,25,26,30,33,34,36,37} accuracy is 74.8%
	using feature(s) {4,7,8,9,14,16,23,25,26,30,31,34,36,37} accuracy is 74.1%
	using feature(s) {4,7,8,9,14,16,23,25,26,30,31,33,36,37} accuracy is 75.2%
	using feature(s) {4,7,8,9,14,16,23,25,26,30,31,33,34,37} accuracy is 74.3%
	using feature(s) {4,7,8,9,14,16,23,25,26,30,31,33,34,36} accuracy is 75%

Feature set {4,7,8,9,16,23,25,26,30,31,33,34,36,37} was best, accuracy is 75.4%

	using feature(s) {7,8,9,16,23,25,26,30,31,33,34,36,37} accuracy is 74.4%
	using feature(s) {4,8,9,16,23,25,26,30,31,33,34,36,37} accuracy is 73.3%
	using feature(s) {4,7,9,16,23,25,26,30,31,33,34,36,37} accuracy is 75.8%
	using feature(s) {4,7,8,16,23,25,26,30,31,33,34,36,37} accuracy is 74.3%
	using feature(s) {4,7,8,9,23,25,26,30,31,33,34,36,37} accuracy is 74.9%
	using feature(s) {4,7,8,9,16,25,26,30,31,33,34,36,37} accuracy is 72.9%
	using feature(s) {4,7,8,9,16,23,26,30,31,33,34,36,37} accuracy is 72.5%
	using feature(s) {4,7,8,9,16,23,25,30,31,33,34,36,37} accuracy is 71.3%
	using feature(s) {4,7,8,9,16,23,25,26,31,33,34,36,37} accuracy is 75.2%
	using feature(s) {4,7,8,9,16,23,25,26,30,33,34,36,37} accuracy is 74.5%
	using feature(s) {4,7,8,9,16,23,25,26,30,31,34,36,37} accuracy is 74.2%
	using feature(s) {4,7,8,9,16,23,25,26,30,31,33,36,37} accuracy is 74.4%
	using feature(s) {4,7,8,9,16,23,25,26,30,31,33,34,37} accuracy is 73.5%
	using feature(s) {4,7,8,9,16,23,25,26,30,31,33,34,36} accuracy is 74%

Feature set {4,7,9,16,23,25,26,30,31,33,34,36,37} was best, accuracy is 75.8%

	using feature(s) {7,9,16,23,25,26,30,31,33,34,36,37} accuracy is 75.6%
	using feature(s) {4,9,16,23,25,26,30,31,33,34,36,37} accuracy is 76.1%
	using feature(s) {4,7,16,23,25,26,30,31,33,34,36,37} accuracy is 74.3%
	using feature(s) {4,7,9,23,25,26,30,31,33,34,36,37} accuracy is 76.3%
	using feature(s) {4,7,9,16,25,26,30,31,33,34,36,37} accuracy is 74.8%
	using feature(s) {4,7,9,16,23,26,30,31,33,34,36,37} accuracy is 74.4%
	using feature(s) {4,7,9,16,23,25,30,31,33,34,36,37} accuracy is 72.4%
	using feature(s) {4,7,9,16,23,25,26,31,33,34,36,37} accuracy is 75.4%
	using feature(s) {4,7,9,16,23,25,26,30,33,34,36,37} accuracy is 75.1%
	using feature(s) {4,7,9,16,23,25,26,30,31,34,36,37} accuracy is 75.3%
	using feature(s) {4,7,9,16,23,25,26,30,31,33,36,37} accuracy is 74.4%
	using feature(s) {4,7,9,16,23,25,26,30,31,33,34,37} accuracy is 73.8%
	using feature(s) {4,7,9,16,23,25,26,30,31,33,34,36} accuracy is 76.3%

Feature set {4,7,9,23,25,26,30,31,33,34,36,37} was best, accuracy is 76.3%

	using feature(s) {7,9,23,25,26,30,31,33,34,36,37} accuracy is 75.7%
	using feature(s) {4,9,23,25,26,30,31,33,34,36,37} accuracy is 77.1%
	using feature(s) {4,7,23,25,26,30,31,33,34,36,37} accuracy is 73.1%
	using feature(s) {4,7,9,25,26,30,31,33,34,36,37} accuracy is 74.4%
	using feature(s) {4,7,9,23,26,30,31,33,34,36,37} accuracy is 75.2%
	using feature(s) {4,7,9,23,25,30,31,33,34,36,37} accuracy is 71.3%
	using feature(s) {4,7,9,23,25,26,31,33,34,36,37} accuracy is 75.6%
	using feature(s) {4,7,9,23,25,26,30,33,34,36,37} accuracy is 75.1%
	using feature(s) {4,7,9,23,25,26,30,31,34,36,37} accuracy is 75.3%
	using feature(s) {4,7,9,23,25,26,30,31,33,36,37} accuracy is 74.7%
	using feature(s) {4,7,9,23,25,26,30,31,33,34,37} accuracy is 74.9%
	using feature(s) {4,7,9,23,25,26,30,31,33,34,36} accuracy is 75.2%

Feature set {4,9,23,25,26,30,31,33,34,36,37} was best, accuracy is 77.1%

	using feature(s) {9,23,25,26,30,31,33,34,36,37} accuracy is 74.9%
	using feature(s) {4,23,25,26,30,31,33,34,36,37} accuracy is 74.1%
	using feature(s) {4,9,25,26,30,31,33,34,36,37} accuracy is 74.1%
	using feature(s) {4,9,23,26,30,31,33,34,36,37} accuracy is 75.4%
	using feature(s) {4,9,23,25,30,31,33,34,36,37} accuracy is 70.6%
	using feature(s) {4,9,23,25,26,31,33,34,36,37} accuracy is 76%
	using feature(s) {4,9,23,25,26,30,33,34,36,37} accuracy is 74.1%
	using feature(s) {4,9,23,25,26,30,31,34,36,37} accuracy is 75.6%
	using feature(s) {4,9,23,25,26,30,31,33,36,37} accuracy is 75.3%
	using feature(s) {4,9,23,25,26,30,31,33,34,37} accuracy is 75.1%
	using feature(s) {4,9,23,25,26,30,31,33,34,36} accuracy is 76.2%

Feature set {4,9,23,25,26,30,31,33,34,36} was best, accuracy is 76.2%

	using feature(s) {9,23,25,26,30,31,33,34,36} accuracy is 75%
	using feature(s) {4,23,25,26,30,31,33,34,36} accuracy is 74%
	using feature(s) {4,9,25,26,30,31,33,34,36} accuracy is 76%
	using feature(s) {4,9,23,26,30,31,33,34,36} accuracy is 75%
	using feature(s) {4,9,23,25,30,31,33,34,36} accuracy is 69.3%
	using feature(s) {4,9,23,25,26,31,33,34,36} accuracy is 75.3%
	using feature(s) {4,9,23,25,26,30,33,34,36} accuracy is 74.7%
	using feature(s) {4,9,23,25,26,30,31,34,36} accuracy is 76.1%
	using feature(s) {4,9,23,25,26,30,31,33,36} accuracy is 75.9%
	using feature(s) {4,9,23,25,26,30,31,33,34} accuracy is 73.8%

Feature set {4,9,23,25,26,30,31,34,36} was best, accuracy is 76.1%

	using feature(s) {9,23,25,26,30,31,34,36} accuracy is 75.6%
	using feature(s) {4,23,25,26,30,31,34,36} accuracy is 75.5%
	using feature(s) {4,9,25,26,30,31,34,36} accuracy is 78.1%
	using feature(s) {4,9,23,26,30,31,34,36} accuracy is 76.9%
	using feature(s) {4,9,23,25,30,31,34,36} accuracy is 69.2%
	using feature(s) {4,9,23,25,26,31,34,36} accuracy is 74.7%
	using feature(s) {4,9,23,25,26,30,34,36} accuracy is 76.6%
	using feature(s) {4,9,23,25,26,30,31,36} accuracy is 77.4%
	using feature(s) {4,9,23,25,26,30,31,34} accuracy is 76.4%

Feature set {4,9,25,26,30,31,34,36} was best, accuracy is 78.1%

	using feature(s) {9,25,26,30,31,34,36} accuracy is 79.2%
	using feature(s) {4,25,26,30,31,34,36} accuracy is 80%
	using feature(s) {4,9,26,30,31,34,36} accuracy is 79.5%
	using feature(s) {4,9,25,30,31,34,36} accuracy is 71%
	using feature(s) {4,9,25,26,31,34,36} accuracy is 77.4%
	using feature(s) {4,9,25,26,30,34,36} accuracy is 77.4%
	using feature(s) {4,9,25,26,30,31,36} accuracy is 78.6%
	using feature(s) {4,9,25,26,30,31,34} accuracy is 77.2%

Feature set {4,25,26,30,31,34,36} was best, accuracy is 80%

	using feature(s) {25,26,30,31,34,36} accuracy is 79.3%
	using feature(s) {4,26,30,31,34,36} accuracy is 80.2%
	using feature(s) {4,25,30,31,34,36} accuracy is 71.3%
	using feature(s) {4,25,26,31,34,36} accuracy is 79.3%
	using feature(s) {4,25,26,30,34,36} accuracy is 78.5%
	using feature(s) {4,25,26,30,31,36} accuracy is 79.9%
	using feature(s) {4,25,26,30,31,34} accuracy is 79.7%

Feature set {4,26,30,31,34,36} was best, accuracy is 80.2%

	using feature(s) {26,30,31,34,36} accuracy is 81.2%
	using feature(s) {4,30,31,34,36} accuracy is 70.5%
	using feature(s) {4,26,31,34,36} accuracy is 81.1%
	using feature(s) {4,26,30,34,36} accuracy is 80.8%
	using feature(s) {4,26,30,31,36} accuracy is 80.9%
	using feature(s) {4,26,30,31,34} accuracy is 78.1%

Feature set {26,30,31,34,36} was best, accuracy is 81.2%

	using feature(s) {30,31,34,36} accuracy is 69.8%
	using feature(s) {26,31,34,36} accuracy is 82.7%
	using feature(s) {26,30,34,36} accuracy is 81%
	using feature(s) {26,30,31,36} accuracy is 82%
	using feature(s) {26,30,31,34} accuracy is 81.6%

Feature set {26,31,34,36} was best, accuracy is 82.7%

	using feature(s) {31,34,36} accuracy is 69.5%
	using feature(s) {26,34,36} accuracy is 83.6%
	using feature(s) {26,31,36} accuracy is 84.2%
	using feature(s) {26,31,34} accuracy is 82.3%

Feature set {26,31,36} was best, accuracy is 84.2%

	using feature(s) {31,36} accuracy is 70.4%
	using feature(s) {26,36} accuracy is 82.9%
	using feature(s) {26,31} accuracy is 85.8%

Feature set {26,31} was best, accuracy is 85.8%

	using feature(s) {31} accuracy is 64.6%
	using feature(s) {26} accuracy is 84.6%

Feature set {26} was best, accuracy is 84.6%

	using feature(s) { } accuracy is 80.2%

Feature set { } was best, accuracy is 80.2%

Finished backward search!! The best feature subset is {26,31} Which had an accuracy of 85.8%
>> 